0 125 24
1 126 23
5 123 20
8 124 20
9 103 20
20 178 20
23 110 20
7 109 19
10 182 19
11 56 19
24 115 19
2 180 18
4 102 18
6 104 18
14 41 18
17 58 18
21 106 18
27 120 18
28 179 18
52 127 18
66 193 18
3 101 17
13 189 17
15 22 17
16 57 17
25 121 17
26 119 17
44 122 17
54 107 17
62 136 17
65 190 17
12 59 16
18 117 16
19 118 16
29 192 16
55 130 16
63 175 16
64 176 16
67 98 16
69 140 16
45 61 15
46 128 15
47 105 15
30 40 14
33 53 14
39 116 14
68 139 14
31 43 13
32 50 13
34 188 13
36 113 13
48 60 13
49 108 13
71 191 13
72 194 13
35 42 12
38 114 12
78 143 12
87 112 12
89 169 12
90 144 12
37 51 11
70 142 11
73 129 11
82 111 11
85 185 11
88 134 11
74 131 10
76 80 10
79 141 10
83 138 10
84 174 10
75 81 9
77 86 9
94 161 9
135 156 9
91 149 8
95 167 8
132 155 8
137 160 8
92 168 7
93 150 7
97 162 7
99 164 7
100 145 7
133 171 7
96 151 6
146 172 6
147 152 5
148 163 5
153 177 5
154 181 4
157 159 4
165 173 4
166 195 4
158 170 3
184 196 3
183 187 2