0
2
4
5
6
9
11
12
13
14
15
16
17
18
19
20
21
23
24
26
27
28
29
30
31
32
33
35
36
37
40
41
42
43
44
45
46
48
51
53
54
55
58
59
60
63
65
66
68
69
70
71
72
73
74
76
77
78
81
82
83
84
85
87
89
91
92
93
94
95
96
97
99
102
105
107
109
112
stop
(0,1)
(0,9)
(0,63)
(0,64)
(1,65)
(2,87)
(3,4)
(3,45)
(3,47)
(3,88)
(4,5)
(4,6)
(4,7)
(5,46)
(6,62)
(6,80)
(6,81)
(8,86)
(9,63)
(10,11)
(10,13)
(10,16)
(11,13)
(11,16)
(11,104)
(12,13)
(12,19)
(14,17)
(14,84)
(15,47)
(15,97)
(17,43)
(18,19)
(18,35)
(19,36)
(19,37)
(19,104)
(20,21)
(20,22)
(20,23)
(21,26)
(22,83)
(23,105)
(24,25)
(24,95)
(25,26)
(25,28)
(25,89)
(25,92)
(27,83)
(28,29)
(29,92)
(30,77)
(30,103)
(31,37)
(31,112)
(32,33)
(32,34)
(40,49)
(41,42)
(42,43)
(43,45)
(44,47)
(47,73)
(47,84)
(48,49)
(48,57)
(49,54)
(49,84)
(50,51)
(50,52)
(50,57)
(50,91)
(52,53)
(53,59)
(53,60)
(54,55)
(54,56)
(54,90)
(54,111)
(55,94)
(55,111)
(58,61)
(58,105)
(58,110)
(59,60)
(60,104)
(61,82)
(62,70)
(62,80)
(63,70)
(63,85)
(64,65)
(64,66)
(64,67)
(66,67)
(66,69)
(66,85)
(68,69)
(70,71)
(72,73)
(72,75)
(72,81)
(74,75)
(74,103)
(74,112)
(75,76)
(75,104)
(76,100)
(77,81)
(77,100)
(78,101)
(81,101)
(82,83)
(88,93)
(89,90)
(89,96)
(91,92)
(93,94)
(94,95)
(95,96)
(98,99)
(100,102)
(101,102)
(105,106)
(107,108)
(108,109)
(109,110)
