18 579 6
34 581 6
39 582 6
41 583 6
42 584 6
43 590 6
44 591 6
45 593 6
46 600 6
47 601 6
48 603 6
49 609 6
1 233 5
4 144 5
6 149 5
7 150 5
8 151 5
9 152 5
10 153 5
11 154 5
12 589 5
13 155 5
14 156 5
15 157 5
16 158 5
17 159 5
19 160 5
20 161 5
21 162 5
22 163 5
50 67 5
51 68 5
52 69 5
53 70 5
54 71 5
55 72 5
56 73 5
57 74 5
58 75 5
59 76 5
64 324 5
77 140 5
78 141 5
79 142 5
80 143 5
81 147 5
82 174 5
83 175 5
84 176 5
85 177 5
86 178 5
89 594 5
2 563 4
3 225 4
5 132 4
23 133 4
24 104 4
25 105 4
26 106 4
27 107 4
28 108 4
29 109 4
30 110 4
31 111 4
32 112 4
33 113 4
35 114 4
36 115 4
37 116 4
38 134 4
40 135 4
60 136 4
62 145 4
63 226 4
65 138 4
66 139 4
87 184 4
88 207 4
90 209 4
91 580 4
92 369 4
93 215 4
94 216 4
95 217 4
96 218 4
97 219 4
98 220 4
99 172 4
100 371 4
101 558 4
102 560 4
103 587 4
117 185 4
118 564 4
119 588 4
120 596 4
121 597 4
122 598 4
123 599 4
124 605 4
195 203 4
196 204 4
205 212 4
211 232 4
421 553 4
422 554 4
423 555 4
424 556 4
425 557 4
426 559 4
427 561 4
428 562 4
429 565 4
430 566 4
431 567 4
432 568 4
433 569 4
434 570 4
435 571 4
436 572 4
437 573 4
438 574 4
439 575 4
440 576 4
441 577 4
442 578 4
443 585 4
444 586 4
445 592 4
446 595 4
447 602 4
448 604 4
449 606 4
450 607 4
451 608 4
61 137 3
125 146 3
126 148 3
127 164 3
128 165 3
129 181 3
130 186 3
131 187 3
166 188 3
167 189 3
168 190 3
169 191 3
170 192 3
171 193 3
173 194 3
179 199 3
180 201 3
182 200 3
183 202 3
197 206 3
198 221 3
208 223 3
210 227 3
213 322 3
214 323 3
222 325 3
224 326 3
228 327 3
229 328 3
230 329 3
231 330 3
234 331 3
235 332 3
236 358 3
237 333 3
238 334 3
239 362 3
240 335 3
241 336 3
242 351 3
243 337 3
244 338 3
245 339 3
246 340 3
247 341 3
248 342 3
249 343 3
250 352 3
251 359 3
252 360 3
253 361 3
254 344 3
255 366 3
256 345 3
257 346 3
258 347 3
259 348 3
260 349 3
261 350 3
262 353 3
263 354 3
264 355 3
265 356 3
266 357 3
267 363 3
268 364 3
269 365 3
270 367 3
271 368 3
272 370 3
273 372 3
274 373 3
275 374 3
276 375 3
277 376 3
278 377 3
279 378 3
280 379 3
281 380 3
282 381 3
283 382 3
284 383 3
285 384 3
286 385 3
287 386 3
288 387 3
289 388 3
290 389 3
291 390 3
292 391 3
293 392 3
294 393 3
295 394 3
296 395 3
297 396 3
298 397 3
299 398 3
300 399 3
301 400 3
302 401 3
303 402 3
304 403 3
305 404 3
306 405 3
307 406 3
308 407 3
309 408 3
310 409 3
311 410 3
312 411 3
313 412 3
314 413 3
315 414 3
316 415 3
317 416 3
318 417 3
319 418 3
320 419 3
321 420 3
452 453 2
454 455 2
456 457 2
458 459 2
460 461 2
462 463 2
464 465 2
466 467 2
468 469 2
470 471 2
472 473 2
474 475 2
476 477 2
478 479 2
480 481 2
482 483 2
484 485 2
486 487 2
488 489 2
490 491 2
492 493 2
494 495 2
496 497 2
498 499 2
500 501 2
502 503 2
504 505 2
506 507 2
508 509 2
510 511 2
512 513 2
514 515 2
516 517 2
518 519 2
520 521 2
522 523 2
524 525 2
526 527 2
528 529 2
530 531 2
532 533 2
534 535 2
536 537 2
538 539 2
540 541 2
542 543 2
544 545 2
546 547 2
548 549 2
550 551 2