3 576 5
4 553 5
5 577 5
7 650 5
8 667 5
9 581 5
10 582 5
11 583 5
12 584 5
13 585 5
14 586 5
15 587 5
16 668 5
17 682 5
18 686 5
19 689 5
20 588 5
21 698 5
22 707 5
23 731 5
24 732 5
25 589 5
26 590 5
27 591 5
28 733 5
29 734 5
30 736 5
36 592 5
38 594 5
45 597 5
46 598 5
47 599 5
48 600 5
50 601 5
51 602 5
53 603 5
54 604 5
55 605 5
56 606 5
57 607 5
58 608 5
59 609 5
60 610 5
61 611 5
62 612 5
63 613 5
65 614 5
66 615 5
67 616 5
68 617 5
69 618 5
70 619 5
71 620 5
72 621 5
73 622 5
74 623 5
75 624 5
76 625 5
77 626 5
78 627 5
79 628 5
80 629 5
81 630 5
82 631 5
83 632 5
84 666 5
85 671 5
86 674 5
87 676 5
88 678 5
89 680 5
90 700 5
91 703 5
92 705 5
93 717 5
94 737 5
1 552 4
2 575 4
6 578 4
31 468 4
32 469 4
33 470 4
34 471 4
35 472 4
37 593 4
39 473 4
40 474 4
41 595 4
42 596 4
43 475 4
44 476 4
49 477 4
52 478 4
64 479 4
95 425 4
96 426 4
97 480 4
98 481 4
99 482 4
100 483 4
101 484 4
102 485 4
103 486 4
104 487 4
105 488 4
106 489 4
107 490 4
108 491 4
109 492 4
110 493 4
111 494 4
112 495 4
113 496 4
114 497 4
115 498 4
116 499 4
117 500 4
118 501 4
119 502 4
120 503 4
121 504 4
122 505 4
123 506 4
124 507 4
125 508 4
126 509 4
127 510 4
128 511 4
129 512 4
130 513 4
131 514 4
132 515 4
133 516 4
134 517 4
135 518 4
136 521 4
137 522 4
138 523 4
139 524 4
140 525 4
141 526 4
142 527 4
143 528 4
144 529 4
145 530 4
146 531 4
147 532 4
148 533 4
149 534 4
150 535 4
151 536 4
152 537 4
153 538 4
154 539 4
155 540 4
156 541 4
157 542 4
158 543 4
159 544 4
160 545 4
161 546 4
162 547 4
163 548 4
164 549 4
165 550 4
166 554 4
167 555 4
168 556 4
169 580 4
170 633 4
171 634 4
172 638 4
173 643 4
174 644 4
175 645 4
176 646 4
177 647 4
178 648 4
179 660 4
180 661 4
181 664 4
182 670 4
183 672 4
184 675 4
185 677 4
186 683 4
187 687 4
188 690 4
189 691 4
190 706 4
191 710 4
192 711 4
193 712 4
194 715 4
195 716 4
196 718 4
197 719 4
198 722 4
199 723 4
200 724 4
201 725 4
202 726 4
203 735 4
204 738 4
205 739 4
206 740 4
207 741 4
208 742 4
209 743 4
210 744 4
211 745 4
212 746 4
213 747 4
214 748 4
215 749 4
216 750 4
217 751 4
218 752 4
219 753 4
220 754 4
221 755 4
222 756 4
223 757 4
224 758 4
225 759 4
226 760 4
227 761 4
228 762 4
229 763 4
230 764 4
231 765 4
232 766 4
233 767 4
234 768 4
235 769 4
236 770 4
237 421 4
238 422 4
239 423 4
240 466 4
241 519 4
242 520 4
243 551 4
244 574 4
245 579 4
246 635 4
247 636 4
248 637 4
249 639 4
250 640 4
251 641 4
252 642 4
253 649 4
254 651 4
255 652 4
256 653 4
257 654 4
258 655 4
259 656 4
260 657 4
261 658 4
262 659 4
263 662 4
264 663 4
265 665 4
266 669 4
267 673 4
268 679 4
269 681 4
270 684 4
271 685 4
272 688 4
273 692 4
274 693 4
275 694 4
276 695 4
277 696 4
278 697 4
279 699 4
280 701 4
281 702 4
282 704 4
283 708 4
284 709 4
285 713 4
286 714 4
287 720 4
288 721 4
289 727 4
290 728 4
291 729 4
292 730 4
293 781 4
294 782 4
295 783 4
296 784 4
297 785 4
298 786 4
299 787 4
300 788 4
301 789 4
302 790 4
303 791 4
304 792 4
305 793 4
306 794 4
307 795 4
308 796 4
309 797 4
310 798 4
311 799 4
312 800 4
313 801 4
314 802 4
315 803 4
316 804 4
317 805 4
318 806 4
319 807 4
320 808 4
321 809 4
322 810 4
323 811 4
324 812 4
325 813 4
326 814 4
327 815 4
328 816 4
329 817 4
330 818 4
331 819 4
332 820 4
333 821 4
334 822 4
335 823 4
336 824 4
337 825 4
559 771 4
560 772 4
561 773 4
562 774 4
563 775 4
564 776 4
565 777 4
566 778 4
567 779 4
568 780 4
338 401 3
339 402 3
340 403 3
341 404 3
342 405 3
343 406 3
344 407 3
345 408 3
346 409 3
347 410 3
348 411 3
349 412 3
350 413 3
351 414 3
352 415 3
353 416 3
354 417 3
355 418 3
356 419 3
357 420 3
358 424 3
359 427 3
360 428 3
361 429 3
362 430 3
363 431 3
364 432 3
365 433 3
366 434 3
367 435 3
368 436 3
369 437 3
370 438 3
371 439 3
372 440 3
373 441 3
374 442 3
375 443 3
376 444 3
377 445 3
378 446 3
379 447 3
380 448 3
381 449 3
382 450 3
383 451 3
384 452 3
385 453 3
386 454 3
387 455 3
388 456 3
389 457 3
390 458 3
391 459 3
392 460 3
393 461 3
394 462 3
395 463 3
396 464 3
397 465 3
398 467 3
399 557 3
400 558 3
569 570 2
571 572 2