2048 2405 5
2049 2401 4
2050 2402 4
2051 2404 4
2052 2409 4
2053 2412 4
2054 2413 4
2055 2414 4
2056 2415 4
2057 2416 4
2058 2417 4
2059 2572 4
2060 2573 4
2061 2574 4
2062 2596 4
2063 2630 4
2064 2631 4
2065 2642 4
2066 2670 4
2072 2230 4
2073 2231 4
2074 2232 4
2075 2241 4
2076 2245 4
2077 2246 4
2078 2247 4
2079 2252 4
2080 2344 4
2081 2345 4
2082 2352 4
2083 2353 4
2084 2356 4
2085 2358 4
2086 2359 4
2087 2360 4
2088 2362 4
2089 2363 4
2090 2364 4
2091 2365 4
2092 2244 4
2093 2264 4
2094 2265 4
2095 2266 4
2096 2267 4
2097 2268 4
2098 2269 4
2099 2410 4
2100 2270 4
2101 2571 4
2102 2632 4
2103 2633 4
2104 2634 4
2106 2366 4
2107 2666 4
2108 2253 4
2109 2255 4
2110 2256 4
2111 2258 4
2112 2259 4
2113 2260 4
2114 2403 4
2116 2588 4
2117 2589 4
2118 2590 4
2119 2591 4
2120 2594 4
2121 2595 4
2125 2261 4
2126 2503 4
2129 2263 4
2130 2667 4
2131 2668 4
2132 2669 4
2134 2262 4
2135 2395 4
2137 2616 4
2139 2617 4
2140 2618 4
2141 2619 4
2142 2620 4
2143 2622 4
2144 2623 4
2145 2624 4
2146 2625 4
2147 2626 4
2148 2627 4
2164 2406 4
2191 2393 4
2192 2399 4
2193 2400 4
2194 2407 4
2196 2408 4
2197 2541 4
2198 2542 4
2199 2543 4
2200 2552 4
2201 2553 4
2205 2628 4
2237 2575 4
2238 2576 4
2239 2577 4
2240 2578 4
2243 2579 4
2248 2504 4
2249 2505 4
2250 2506 4
2251 2507 4
2254 2509 4
2257 2629 4
2272 2648 4
2284 2580 4
2286 2581 4
2287 2582 4
2308 2664 4
2312 2583 4
2313 2584 4
2314 2585 4
2315 2586 4
2316 2587 4
2317 2621 4
2318 2644 4
2319 2645 4
2321 2646 4
2324 2647 4
2326 2662 4
2327 2663 4
2656 2665 4
2657 1729 4
2658 1730 4
2659 1731 4
2660 1732 4
2661 1733 4
2067 2138 3
2068 2155 3
2069 2156 3
2070 2157 3
2071 2158 3
2105 2152 3
2115 2154 3
2122 2159 3
2123 2160 3
2124 2161 3
2127 2162 3
2128 2163 3
2133 2136 3
2149 2206 3
2150 2233 3
2151 2234 3
2153 2204 3
2165 2207 3
2166 2208 3
2167 2209 3
2168 2210 3
2169 2211 3
2170 2212 3
2171 2213 3
2172 2214 3
2173 2215 3
2174 2216 3
2175 2217 3
2176 2218 3
2177 2219 3
2178 2220 3
2179 2221 3
2180 2222 3
2181 2223 3
2182 2224 3
2183 2225 3
2184 2226 3
2185 2227 3
2186 2228 3
2187 2229 3
2188 2235 3
2189 2236 3
2190 2242 3
2195 2202 3
2203 2346 3
2271 2347 3
2273 2348 3
2274 2349 3
2275 2350 3
2276 2351 3
2277 2354 3
2278 2355 3
2279 2357 3
2280 2361 3
2281 2367 3
2282 2368 3
2283 2386 3
2285 2385 3
2288 2387 3
2289 2389 3
2290 2390 3
2291 2391 3
2292 2394 3
2293 2396 3
2294 2397 3
2295 2398 3
2296 2516 3
2297 2517 3
2298 2518 3
2299 2519 3
2300 2522 3
2301 2520 3
2302 2521 3
2303 2523 3
2304 2524 3
2305 2525 3
2306 2526 3
2307 2527 3
2309 2369 3
2310 2370 3
2311 2371 3
2320 2388 3
2322 2411 3
2323 2418 3
2325 2372 3
2328 2373 3
2329 2419 3
2330 2374 3
2331 2375 3
2332 2376 3
2333 2377 3
2334 2420 3
2335 2378 3
2336 2379 3
2337 2380 3
2338 2381 3
2339 2382 3
2340 2383 3
2341 2384 3
2342 2392 3
2343 2421 3
2422 2508 3
2423 2510 3
2424 2511 3
2425 2512 3
2426 2513 3
2427 2514 3
2428 2515 3
2429 2528 3
2430 2537 3
2431 2539 3
2432 2540 3
2433 2544 3
2434 2545 3
2435 2546 3
2436 2547 3
2437 2548 3
2438 2549 3
2439 2550 3
2440 2551 3
2441 2592 3
2442 2529 3
2443 2530 3
2444 2531 3
2445 2532 3
2446 2538 3
2447 2569 3
2448 2533 3
2449 2570 3
2450 2534 3
2451 2593 3
2452 2597 3
2453 2535 3
2454 2598 3
2455 2599 3
2456 2536 3
2457 2555 3
2458 2556 3
2459 2557 3
2460 2600 3
2461 2601 3
2462 2558 3
2463 2559 3
2464 2602 3
2465 2563 3
2466 2564 3
2467 2566 3
2468 2567 3
2469 2603 3
2470 2604 3
2471 2605 3
2472 2606 3
2473 2554 3
2474 2560 3
2475 2561 3
2476 2562 3
2477 2607 3
2478 2608 3
2479 2565 3
2480 2568 3
2481 2609 3
2482 2610 3
2483 2611 3
2484 2612 3
2485 2649 3
2486 2650 3
2487 2613 3
2488 2615 3
2489 2614 3
2490 2635 3
2491 2636 3
2492 2637 3
2493 2638 3
2494 2639 3
2495 2640 3
2496 2641 3
2497 2643 3
2498 2651 3
2499 2652 3
2500 2653 3
2501 2654 3
2502 2655 3
1723 1941 3
1724 1942 3
1737 1961 3
1738 1962 3
1739 1964 3
1740 1965 3
1741 1967 3
1742 1969 3
1743 1970 3
1744 1971 3
1745 1973 3
1746 1974 3
1747 2011 3
1748 2012 3
1749 2013 3
1751 2014 3
1753 2015 3
1754 2016 3
1755 2017 3
1756 2018 3
1757 2019 3
1758 2020 3
1762 1943 3
1767 1944 3
1768 1972 3
1769 1975 3
1770 1945 3
1771 1946 3
1777 2026 3
1778 2027 3
1779 2028 3
1780 2029 3
1784 1976 3
1785 1947 3
1789 1954 3
1790 1955 3
1791 1956 3
1792 1957 3
1793 1958 3
1794 1959 3
1795 1960 3
1796 1963 3
1797 1966 3
1798 2021 3
1799 2022 3
1800 2023 3
1801 2024 3
1802 2025 3
1849 1948 3
1850 1949 3
1851 1950 3
1852 1951 3
1862 1992 3
1865 1993 3
1866 1994 3
1869 1995 3
1870 1996 3
1871 1997 3
1872 1998 3
1873 1999 3
1874 2000 3
1875 2030 3
1876 2001 3
1877 2002 3
1878 2003 3
1886 1952 3
1887 1953 3
1928 1977 3
1929 1978 3
1930 1979 3
1931 1968 3
1932 1980 3
1933 2031 3
1934 1981 3
1935 1982 3
1936 1983 3
1937 1984 3
1938 1985 3
1939 1986 3
1703 1940 2
1704 1717 2
1705 1713 2
1706 1711 2
1707 1714 2
1708 1712 2
1709 1716 2
1710 1720 2
1715 1718 2
1719 1721 2
1722 1728 2
1725 1734 2
1726 1735 2
1727 1736 2
1750 1759 2
1752 1760 2
1761 1772 2
1763 1773 2
1764 1774 2
1765 1775 2
1766 1776 2
1781 1782 2
1783 1787 2
1786 1788 2
1803 1805 2
1804 1806 2
1807 1817 2
1808 1818 2
1809 1819 2
1810 1820 2
1811 1821 2
1812 1822 2
1813 1823 2
1814 1824 2
1815 1825 2
1816 1826 2
1827 1838 2
1828 1839 2
1829 1840 2
1830 1841 2
1831 1842 2
1832 1843 2
1833 1844 2
1834 1845 2
1835 1846 2
1836 1847 2
1837 1848 2
1853 1857 2
1854 1858 2
1855 1859 2
1856 1860 2
1861 1879 2
1863 1880 2
1864 1881 2
1867 1882 2
1868 1883 2
1884 1888 2
1885 1889 2
1890 1909 2
1891 1910 2
1892 1911 2
1893 1912 2
1894 1913 2
1895 1914 2
1896 1915 2
1897 1916 2
1898 1917 2
1899 1918 2
1900 1919 2
1901 1920 2
1902 1921 2
1903 1922 2
1904 1923 2
1905 1924 2
1906 1925 2
1907 1926 2
1908 1927 2
1987 2004 2
1988 2005 2
1989 2006 2
1990 2007 2
1991 2008 2
2009 2032 2
2010 2033 2
2034 2044 2
2035 2045 2
2036 2046 2
2037 2047 2
2038 2039 1
2040 2041 1
2042 2043 1