10 566 56
11 55 56
13 599 54
14 686 53
15 56 51
17 488 51
16 324 50
5 12 49
6 70 48
8 191 48
9 192 48
100 333 45
106 127 45
107 336 45
123 540 45
1 682 44
3 684 44
26 685 44
31 337 44
103 481 44
117 410 44
122 428 44
20 683 43
22 212 43
30 335 43
59 222 43
71 310 43
72 750 43
80 284 43
88 126 43
89 141 43
124 193 43
130 150 43
0 299 42
2 138 42
4 139 42
21 133 42
23 213 42
25 221 42
27 334 42
33 681 42
58 219 42
81 311 42
91 215 42
94 480 42
108 128 42
113 118 42
125 427 42
143 188 42
144 718 42
149 330 42
7 562 41
32 396 41
38 332 41
67 625 41
82 382 41
85 541 41
90 142 41
109 131 41
114 119 41
120 482 41
132 328 41
135 245 41
39 395 40
61 448 40
66 518 40
84 517 40
134 649 40
40 747 39
63 426 39
64 439 39
65 447 39
115 116 39
121 265 39
146 464 39
163 331 39
35 618 38
41 101 38
54 449 38
60 313 38
62 325 38
76 424 38
77 534 38
78 737 38
136 441 38
148 381 38
190 520 38
194 552 38
28 619 37
29 746 37
34 419 37
75 423 37
169 460 37
172 535 37
37 708 36
68 140 36
73 752 36
74 104 36
79 105 36
83 326 36
112 348 36
145 323 36
147 465 36
178 466 36
214 555 36
237 698 36
248 549 36
36 620 35
44 617 35
110 536 35
111 218 35
171 532 35
177 463 35
197 556 35
211 553 35
282 369 35
46 748 34
155 361 34
238 276 34
267 692 34
274 719 34
275 303 34
283 405 34
300 479 34
308 459 34
314 474 34
45 738 33
47 57 33
137 538 33
156 539 33
160 442 33
174 341 33
199 485 33
241 457 33
278 315 33
280 346 33
301 589 33
306 610 33
316 643 33
19 421 32
24 422 32
52 753 32
53 272 32
157 546 32
159 329 32
173 322 32
175 430 32
195 467 32
198 483 32
236 665 32
279 321 32
281 364 32
297 547 32
309 471 32
345 657 32
350 368 32
375 648 32
376 670 32
18 598 31
49 425 31
50 626 31
51 749 31
151 565 31
153 444 31
158 717 31
176 461 31
196 477 31
225 363 31
228 606 31
235 560 31
239 691 31
244 554 31
269 607 31
298 608 31
373 456 31
374 484 31
378 434 31
416 646 31
48 102 30
92 327 30
152 187 30
154 217 30
181 533 30
233 312 30
268 605 30
285 349 30
353 736 30
367 588 30
377 694 30
385 651 30
403 689 30
404 635 30
415 642 30
462 601 30
42 220 29
43 420 29
87 668 29
97 542 29
164 387 29
179 443 29
180 440 29
223 261 29
226 543 29
227 545 29
234 317 29
246 559 29
266 407 29
302 307 29
320 693 29
390 406 29
391 409 29
451 616 29
452 516 29
86 446 28
93 445 28
95 531 28
96 537 28
161 633 28
166 631 28
168 340 28
182 397 28
183 548 28
224 344 28
242 468 28
243 478 28
262 751 28
273 696 28
347 366 28
356 522 28
359 655 28
380 647 28
394 688 28
455 528 28
472 569 28
69 216 27
98 669 27
99 129 27
165 388 27
167 189 27
170 271 27
184 557 27
229 720 27
231 304 27
232 305 27
240 432 27
253 370 27
254 371 27
257 621 27
286 399 27
351 632 27
352 650 27
355 515 27
379 584 27
383 667 27
384 687 27
392 453 27
393 454 27
507 597 27
513 702 27
162 264 26
202 700 26
205 398 26
210 260 26
249 745 26
250 342 26
251 585 26
252 362 26
289 436 26
295 583 26
338 697 26
360 656 26
412 450 26
508 641 26
510 660 26
519 592 26
521 596 26
523 640 26
524 639 26
185 402 25
186 429 25
200 469 25
203 270 25
204 277 25
207 431 25
208 476 25
230 263 25
247 629 25
255 587 25
256 458 25
287 414 25
318 400 25
319 435 25
354 365 25
357 622 25
509 645 25
511 699 25
514 590 25
527 630 25
201 558 24
206 401 24
209 486 24
258 644 24
259 389 24
294 582 24
358 634 24
512 701 24
296 572 23
372 386 23
418 550 23
497 551 23
498 703 23
501 637 23
530 672 23
288 433 22
291 627 22
411 475 22
413 573 22
417 473 22
500 577 22
502 576 22
505 564 22
529 662 22
563 663 22
290 604 21
292 437 21
293 561 21
343 438 21
408 470 21
499 571 21
525 661 21
526 586 21
339 575 20
490 579 20
496 638 20
503 580 20
506 591 20
567 636 20
568 652 20
603 675 20
504 593 19
581 594 19
600 705 19
611 735 19
624 673 19
487 570 18
489 574 18
491 623 18
493 654 18
495 695 18
612 671 18
615 680 18
628 743 18
653 679 18
678 742 18
492 602 17
494 658 17
578 659 17
609 664 17
677 731 17
544 595 15
666 674 15
690 707 15
706 744 15
613 722 14
709 739 14
614 676 13
704 713 13
712 740 13
710 741 12
714 727 11
711 733 10
715 734 10
716 723 10
721 726 10
724 732 10
725 728 3
729 730 3