Number of runs: 1/1
Simulation Parameters: 
Seed: 120
Alpha demand: 1.0
Prob edge green: 0.002
Distance metric: unknown_capacity
Type of betweeness: diman
Graph: Abilene
Dimensions of the Graph
Nodes: 11
Edges: 14
Total: 25
Seed Utilized: 120.000000: 
Coppie selezionate Random:
Subset of Random Couples:
[(2, 6, 4), (0, 3, 5), (7, 9, 2), (5, 10, 3), (1, 4, 4)]
Abilene
[(2, 6, 4), (0, 3, 5), (7, 9, 2), (5, 10, 3), (1, 4, 4)]
iterazione 0 / 4 --> 2-6
max flow residual: 19.0
domanda assegnata: 1/1
iterazione 1 / 4 --> 0-3
max flow residual: 17.0
domanda assegnata: 1/1
iterazione 2 / 4 --> 7-9
max flow residual: 22.0
domanda assegnata: 1/1
iterazione 3 / 4 --> 5-10
max flow residual: 22.0
domanda assegnata: 1/1
iterazione 4 / 4 --> 1-4
max flow residual: 17.0
domanda assegnata: 1/1
Couples of Green Edges Seclected:
[(2, 6, 1), (0, 3, 1), (7, 9, 1), (5, 10, 1), (1, 4, 1)]
Green edges
[(2, 6, 1), (0, 3, 1), (7, 9, 1), (5, 10, 1), (1, 4, 1)]
 A zero matrix
[[ 0.  0.  0.  0.  0.  0.  0.  0.  0.  0.  0.  0.  0.  0.  0.  0.  0.  0.
   0.]
 [ 0.  0.  0.  0.  0.  0.  0.  0.  0.  0.  0.  0.  0.  0.  0.  0.  0.  0.
   0.]
 [ 0.  0.  0.  0.  0.  0.  0.  0.  0.  0.  0.  0.  0.  0.  0.  0.  0.  0.
   0.]
 [ 0.  0.  0.  0.  0.  0.  0.  0.  0.  0.  0.  0.  0.  0.  0.  0.  0.  0.
   0.]
 [ 0.  0.  0.  0.  0.  0.  0.  0.  0.  0.  0.  0.  0.  0.  0.  0.  0.  0.
   0.]]
Diman
[2, 9, 8, 7, 6]
<type 'list'> 5 [2, 9, 8, 7, 6]
[2 9 8 7 6]
Diman
[0, 1, 10, 7, 6, 3]
<type 'list'> 6 [0, 1, 10, 7, 6, 3]
[ 0  1 10  7  6  3]
Diman
[7, 8, 9]
<type 'list'> 3 [7, 8, 9]
[7 8 9]
Diman
[5, 8, 9, 10]
<type 'list'> 4 [5, 8, 9, 10]
[ 5  8  9 10]
Diman
[1, 10, 7, 6, 4]
<type 'list'> 5 [1, 10, 7, 6, 4]
[ 1 10  7  6  4]
Nodes included
[2, 9, 8, 7, 6, 0, 1, 10, 3, 5, 4]
Edges included
[(2, 9), (9, 8), (8, 7), (7, 6), (0, 1), (1, 10), (10, 7), (6, 3), (7, 8), (8, 9), (5, 8), (9, 10), (6, 4)]
Edges in the graph
[(0, 1), (0, 2), (1, 10), (2, 9), (3, 4), (3, 6), (4, 5), (4, 6), (5, 8), (6, 7), (7, 8), (7, 10), (8, 9), (9, 10)]
Routing matrix
[[ 0.  0.  0.  1.  0.  0.  0.  0.  0.  1.  1.  0.  1.  0.  0.  0.  0.  0.
   0.]
 [ 1.  0.  1.  0.  0.  1.  0.  0.  0.  1.  0.  1.  0.  0.  0.  0.  0.  0.
   0.]
 [ 0.  0.  0.  0.  0.  0.  0.  0.  0.  0.  1.  0.  1.  0.  0.  0.  0.  0.
   0.]
 [ 0.  0.  0.  0.  0.  0.  0.  0.  1.  0.  0.  0.  1.  1.  0.  0.  0.  0.
   0.]
 [ 0.  0.  1.  0.  0.  0.  0.  1.  0.  1.  0.  1.  0.  0.  0.  0.  0.  0.
   0.]]
Null space of R
[[ -3.58148090e-01   0.00000000e+00   2.63157895e-01  -2.02170224e-01
   -4.14649386e-01  -1.73612510e-01  -9.49901949e-02  -3.75782734e-01
   -2.02170224e-01   0.00000000e+00   0.00000000e+00   0.00000000e+00
    0.00000000e+00   0.00000000e+00]
 [ -4.14052660e-01   0.00000000e+00   2.15105711e-16   6.18795508e-02
   -3.16212500e-01   4.92299055e-01  -4.14052660e-01   5.54178606e-01
    6.18795508e-02   0.00000000e+00   0.00000000e+00   0.00000000e+00
    0.00000000e+00   0.00000000e+00]
 [ -1.72037417e-01   0.00000000e+00  -2.10526316e-01   3.65423156e-01
    1.95221008e-01  -3.97177036e-01  -3.82563733e-01  -3.17538797e-02
    3.65423156e-01   0.00000000e+00   0.00000000e+00   0.00000000e+00
    0.00000000e+00   0.00000000e+00]
 [  3.72221345e-02   0.00000000e+00   1.05263158e-01   3.03255336e-01
   -3.78025921e-01  -2.39581235e-01   1.42485292e-01   6.36741006e-02
    3.03255336e-01   0.00000000e+00   0.00000000e+00   0.00000000e+00
    0.00000000e+00   0.00000000e+00]
 [  4.12212095e-01   0.00000000e+00  -6.88247202e-01  -1.28024758e-01
   -4.78460023e-01  -7.75724642e-03  -2.76035107e-01  -1.35782004e-01
   -1.28024758e-01   0.00000000e+00   0.00000000e+00   0.00000000e+00
    0.00000000e+00   0.00000000e+00]
 [  6.41851910e-01   0.00000000e+00   2.63157895e-01   1.14057542e-01
    8.53506141e-02   1.68273607e-01  -9.49901949e-02   2.82331149e-01
    1.14057542e-01   0.00000000e+00   0.00000000e+00   0.00000000e+00
    0.00000000e+00   0.00000000e+00]
 [  0.00000000e+00   1.00000000e+00   0.00000000e+00   0.00000000e+00
    0.00000000e+00   0.00000000e+00   0.00000000e+00   0.00000000e+00
    0.00000000e+00   0.00000000e+00   0.00000000e+00   0.00000000e+00
    0.00000000e+00   0.00000000e+00]
 [  2.83703821e-01   0.00000000e+00   5.26315789e-01  -8.81126813e-02
   -3.29298772e-01  -5.33890314e-03  -1.89980390e-01  -9.34515845e-02
   -8.81126813e-02   0.00000000e+00   0.00000000e+00   0.00000000e+00
    0.00000000e+00   0.00000000e+00]
 [  6.93889390e-18   0.00000000e+00  -2.77555756e-17   6.00000000e-01
    2.08166817e-17   2.00000000e-01  -2.08166817e-17  -2.00000000e-01
   -4.00000000e-01   0.00000000e+00   0.00000000e+00   0.00000000e+00
    0.00000000e+00   0.00000000e+00]
 [ -3.72221345e-02   0.00000000e+00  -1.05263158e-01  -3.03255336e-01
    3.78025921e-01   2.39581235e-01  -1.42485292e-01  -6.36741006e-02
   -3.03255336e-01   0.00000000e+00   0.00000000e+00   0.00000000e+00
    0.00000000e+00   0.00000000e+00]
 [  0.00000000e+00   0.00000000e+00   5.55111512e-17   2.00000000e-01
   -8.32667268e-17   4.00000000e-01   5.55111512e-17  -4.00000000e-01
    2.00000000e-01   0.00000000e+00   0.00000000e+00   0.00000000e+00
    0.00000000e+00   0.00000000e+00]
 [ -7.44442691e-02   0.00000000e+00  -2.10526316e-01   2.59448610e-02
   -2.43948158e-01   1.62934704e-01   7.15029415e-01   1.88879565e-01
    2.59448610e-02   0.00000000e+00   0.00000000e+00   0.00000000e+00
    0.00000000e+00   0.00000000e+00]
 [  0.00000000e+00   0.00000000e+00   2.77555756e-17  -2.00000000e-01
   -5.55111512e-17  -4.00000000e-01   4.16333634e-17   4.00000000e-01
   -2.00000000e-01   0.00000000e+00   0.00000000e+00   0.00000000e+00
    0.00000000e+00   0.00000000e+00]
 [  6.93889390e-18   0.00000000e+00  -2.77555756e-17  -4.00000000e-01
    2.08166817e-17   2.00000000e-01  -2.08166817e-17  -2.00000000e-01
    6.00000000e-01   0.00000000e+00   0.00000000e+00   0.00000000e+00
    0.00000000e+00   0.00000000e+00]
 [  0.00000000e+00   0.00000000e+00   0.00000000e+00   0.00000000e+00
    0.00000000e+00   0.00000000e+00   0.00000000e+00   0.00000000e+00
    0.00000000e+00   1.00000000e+00   0.00000000e+00   0.00000000e+00
    0.00000000e+00   0.00000000e+00]
 [  0.00000000e+00   0.00000000e+00   0.00000000e+00   0.00000000e+00
    0.00000000e+00   0.00000000e+00   0.00000000e+00   0.00000000e+00
    0.00000000e+00   0.00000000e+00   1.00000000e+00   0.00000000e+00
    0.00000000e+00   0.00000000e+00]
 [  0.00000000e+00   0.00000000e+00   0.00000000e+00   0.00000000e+00
    0.00000000e+00   0.00000000e+00   0.00000000e+00   0.00000000e+00
    0.00000000e+00   0.00000000e+00   0.00000000e+00   1.00000000e+00
    0.00000000e+00   0.00000000e+00]
 [  0.00000000e+00   0.00000000e+00   0.00000000e+00   0.00000000e+00
    0.00000000e+00   0.00000000e+00   0.00000000e+00   0.00000000e+00
    0.00000000e+00   0.00000000e+00   0.00000000e+00   0.00000000e+00
    1.00000000e+00   0.00000000e+00]
 [  0.00000000e+00   0.00000000e+00   0.00000000e+00   0.00000000e+00
    0.00000000e+00   0.00000000e+00   0.00000000e+00   0.00000000e+00
    0.00000000e+00   0.00000000e+00   0.00000000e+00   0.00000000e+00
    0.00000000e+00   1.00000000e+00]]
-1
SIMULAZIONI TERMINATE
Immagini generate nella cartella: ..\..\..\image_graph_dot\store_images
