2671 4536 8
2673 3980 8
2674 4198 8
2675 4204 8
2676 4205 8
2677 4209 8
2678 4213 8
2679 4222 8
2680 4239 8
2681 4272 8
2682 4396 8
2683 4397 8
2684 4398 8
2685 4467 8
2686 4469 8
2687 4470 8
2688 4474 8
2689 4475 8
2690 4476 8
2691 4477 8
2692 4478 8
2693 4479 8
2694 4480 8
2695 4481 8
2696 4482 8
2697 4483 8
2698 4485 8
2699 4489 8
2700 4490 8
2701 4492 8
2702 4493 8
2703 4512 8
2704 4516 8
2705 4517 8
2706 4528 8
2707 4529 8
2708 4530 8
2709 4531 8
2710 4532 8
2711 3168 7
2712 3169 7
2713 3171 7
2714 3172 7
2715 3173 7
2716 3174 7
2717 3175 7
2718 3176 7
2719 3177 7
2720 3178 7
2721 3179 7
2722 3180 7
2723 3181 7
2724 3182 7
2725 3183 7
2726 3185 7
2727 3186 7
2728 3187 7
2729 3188 7
2730 3189 7
2731 3190 7
2732 3191 7
2733 3192 7
2734 3193 7
2735 3194 7
2736 3195 7
2737 3196 7
2738 3197 7
2739 3198 7
2740 3199 7
2741 3200 7
2742 3201 7
2743 3202 7
2744 3203 7
2745 3204 7
2746 3205 7
2747 3206 7
2748 3207 7
2749 3208 7
2750 3209 7
2751 3210 7
2752 3211 7
2753 3212 7
2754 3213 7
2755 3214 7
2756 3215 7
2757 3216 7
2758 3217 7
2759 3218 7
2760 3219 7
2761 3220 7
2762 3221 7
2763 3222 7
2764 3223 7
2765 3224 7
2766 3225 7
2767 3226 7
2768 3227 7
2769 3228 7
2770 3229 7
2771 3230 7
2772 3231 7
2773 3232 7
2774 3233 7
2775 3234 7
2776 3235 7
2777 3237 7
2778 3238 7
2779 3239 7
2782 4326 7
2672 3244 6
2780 4289 6
2842 4302 6
2843 4304 6
2844 4305 6
2845 4306 6
2846 4307 6
2847 4308 6
2848 4309 6
2849 4310 6
2850 4311 6
2851 4312 6
2852 4313 6
2853 4315 6
2854 4316 6
2855 4317 6
2856 4318 6
2857 4319 6
2858 4320 6
2859 4321 6
2860 4322 6
2861 4323 6
2862 4324 6
2863 4327 6
2864 4328 6
2865 4330 6
2866 4331 6
2867 4333 6
2868 4334 6
2869 4335 6
2870 4337 6
2871 4338 6
2872 4339 6
2873 4340 6
2874 4341 6
2875 4342 6
2876 4343 6
2877 4344 6
2878 4345 6
2879 4346 6
2880 4347 6
2881 4348 6
2882 4390 6
2883 4391 6
2884 4392 6
2885 4393 6
2886 4394 6
2887 4395 6
2888 4456 6
2889 4457 6
2890 4458 6
2891 4468 6
2892 4484 6
2893 4486 6
2894 4487 6
2895 4488 6
2896 4494 6
2897 4495 6
2898 4496 6
2899 4500 6
2900 4505 6
2901 4506 6
2902 4513 6
2903 4514 6
2904 4518 6
2905 4519 6
2906 4520 6
2907 4521 6
2908 4522 6
2909 4523 6
2910 4524 6
2911 4525 6
2912 4526 6
2913 4527 6
2914 4533 6
2915 4534 6
2916 4535 6
2781 4325 5
2784 3241 5
2785 3242 5
2786 3243 5
2787 3442 5
2788 3869 5
2789 3903 5
2790 3904 5
2791 4062 5
2792 4220 5
2793 4223 5
2794 4224 5
2795 4225 5
2796 4230 5
2797 4236 5
2798 4237 5
2799 4240 5
2800 4242 5
2801 4243 5
2802 4244 5
2803 4245 5
2804 4246 5
2805 4247 5
2806 4248 5
2807 4249 5
2808 4250 5
2809 4251 5
2810 4252 5
2811 4258 5
2812 4260 5
2813 4261 5
2814 4262 5
2815 4263 5
2816 4264 5
2817 4268 5
2818 4269 5
2819 4270 5
2820 4271 5
2821 4274 5
2822 4278 5
2823 4279 5
2824 4280 5
2825 4282 5
2826 4283 5
2827 4284 5
2828 4285 5
2829 4286 5
2830 4290 5
2831 4291 5
2832 4292 5
2833 4293 5
2834 4294 5
2835 4295 5
2836 4296 5
2837 4297 5
2838 4298 5
2839 4299 5
2840 4300 5
2841 4301 5
2917 3167 5
2918 3236 5
2919 3441 5
2920 3517 5
2921 3523 5
2922 3524 5
2923 3841 5
2924 3842 5
2925 3843 5
2926 3844 5
2927 3845 5
2928 3846 5
2929 3847 5
2930 3848 5
2931 3849 5
2932 3850 5
2933 3851 5
2934 3852 5
2935 3853 5
2936 3854 5
2937 3855 5
2938 3856 5
2939 3857 5
2940 3858 5
2941 3859 5
2942 3860 5
2943 3861 5
2944 3862 5
2945 3863 5
2946 3864 5
2947 3865 5
2948 3866 5
2949 3867 5
2950 3868 5
2952 4385 5
2954 4351 5
3052 3985 5
3089 4023 5
3090 4024 5
3091 4025 5
3092 4026 5
3093 4027 5
3094 4028 5
3095 4029 5
3096 4030 5
3097 4031 5
3098 4032 5
3099 4033 5
3100 4034 5
3101 4035 5
3102 4036 5
3103 4037 5
3104 4038 5
3105 4039 5
3106 4040 5
3107 4041 5
3108 4042 5
3109 4043 5
3110 4044 5
3111 4045 5
3112 4046 5
3113 4047 5
3114 4048 5
3115 4049 5
3116 4050 5
3117 4051 5
3118 4052 5
3119 4053 5
3120 4054 5
3121 4055 5
3122 4056 5
3123 4057 5
3124 4058 5
3125 4059 5
3126 4060 5
3127 4061 5
3128 4063 5
3129 4064 5
3130 4065 5
3131 4066 5
3132 4067 5
3133 4068 5
3134 4069 5
3135 4070 5
3136 4071 5
3137 4072 5
3138 4073 5
3139 4074 5
3140 4075 5
3141 4076 5
3142 4077 5
3143 4078 5
3144 4079 5
3145 4080 5
3146 4081 5
3147 4082 5
3148 4083 5
3149 4084 5
3150 4085 5
3151 4086 5
3152 4087 5
3153 4088 5
3154 4089 5
3155 4090 5
3156 4091 5
3157 4092 5
3158 4093 5
3159 4094 5
3160 4095 5
3161 4096 5
3162 4097 5
3163 4098 5
3164 4099 5
3165 4100 5
3166 4101 5
3170 3959 5
3184 4206 5
3248 4104 5
3249 4105 5
3252 4228 5
3256 4229 5
3258 4111 5
3259 4112 5
3260 4113 5
3261 4114 5
3262 4115 5
3263 4116 5
3264 4117 5
3265 4118 5
3266 4119 5
3267 4120 5
3268 4121 5
3269 4122 5
3270 4123 5
3271 4124 5
3272 4125 5
3273 4126 5
3274 4127 5
3275 4128 5
3276 4129 5
3277 4130 5
3278 4131 5
3279 4132 5
3280 4133 5
3281 4134 5
3282 4135 5
3283 4136 5
3284 4137 5
3285 4138 5
3286 4139 5
3287 4140 5
3288 4141 5
3289 4142 5
3290 4143 5
3291 4144 5
3292 4145 5
3293 4146 5
3294 4147 5
3295 4148 5
3296 4149 5
3297 4150 5
3298 4151 5
3299 4152 5
3300 4153 5
3301 4154 5
3302 4155 5
3303 4156 5
3304 4157 5
3305 4158 5
3306 4159 5
3307 4160 5
3308 4161 5
3309 4162 5
3310 4163 5
3311 4164 5
3312 4165 5
3313 4166 5
3314 4167 5
3315 4168 5
3316 4169 5
3317 4170 5
3318 4171 5
3319 4172 5
3320 4173 5
3321 4174 5
3322 4175 5
3323 4176 5
3324 4177 5
3325 4178 5
3326 4179 5
3327 4180 5
3328 4181 5
3329 4182 5
3330 4183 5
3331 4184 5
3332 4185 5
3333 4186 5
3334 4187 5
3335 4188 5
3336 4189 5
3337 4190 5
3338 4191 5
3339 4192 5
3340 4193 5
3341 4194 5
3342 4195 5
3343 4196 5
3344 4197 5
3345 4199 5
3346 4200 5
3347 4201 5
3348 4202 5
3349 4203 5
3350 4208 5
3351 4210 5
3352 4211 5
3353 4212 5
3354 4214 5
3355 4215 5
3356 4216 5
3357 4217 5
3358 4218 5
3359 4219 5
3360 4221 5
3361 4226 5
3362 4231 5
3363 4232 5
3364 4233 5
3365 4234 5
3366 4235 5
3367 4238 5
3368 4241 5
3369 4254 5
3370 4255 5
3371 4256 5
3372 4257 5
3373 4259 5
3374 4265 5
3375 4266 5
3376 4267 5
3377 4273 5
3378 4275 5
3379 4276 5
3380 4349 5
3381 4350 5
3382 4352 5
3383 4353 5
3384 4354 5
3385 4355 5
3386 4356 5
3387 4357 5
3388 4358 5
3389 4359 5
3390 4360 5
3391 4361 5
3392 4362 5
3393 4363 5
3394 4364 5
3395 4365 5
3396 4366 5
3397 4367 5
3398 4368 5
3399 4369 5
3400 4370 5
3401 4371 5
3402 4372 5
3403 4373 5
3404 4374 5
3405 4375 5
3406 4376 5
3407 4377 5
3408 4378 5
3409 4379 5
3410 4380 5
3411 4381 5
3412 4382 5
3413 4383 5
3414 4384 5
3415 4386 5
3416 4387 5
3417 4388 5
3418 4389 5
3419 4399 5
3420 4400 5
3421 4401 5
3422 4402 5
3423 4403 5
3424 4404 5
3425 4405 5
3426 4406 5
3427 4407 5
3428 4408 5
3429 4409 5
3430 4410 5
3431 4411 5
3432 4412 5
3433 4413 5
3434 4414 5
3435 4415 5
3436 4416 5
3437 4417 5
3438 4418 5
3439 4419 5
3440 4420 5
2783 3240 4
2951 3870 4
2953 3871 4
2955 3519 4
2956 3872 4
2957 3873 4
2958 3874 4
2959 3875 4
2960 3876 4
2961 3877 4
2962 3520 4
2963 3878 4
2964 3879 4
2965 3880 4
2966 3881 4
2967 3882 4
2968 3521 4
2969 3883 4
2970 3884 4
2971 3885 4
2972 3886 4
2973 3887 4
2974 3522 4
2975 3888 4
2976 3889 4
2977 3890 4
2978 3891 4
2979 3892 4
2980 3893 4
2981 3894 4
2982 3895 4
2983 3896 4
2984 3897 4
2985 3898 4
2986 3899 4
2987 3900 4
2988 3901 4
2989 3902 4
2990 3905 4
2991 3906 4
2992 3907 4
2993 3908 4
2994 3909 4
2995 3910 4
2996 3911 4
2997 3912 4
2998 3913 4
2999 3914 4
3000 3915 4
3001 3916 4
3002 3917 4
3003 3918 4
3004 3919 4
3005 3920 4
3006 3921 4
3007 3922 4
3008 3923 4
3009 3924 4
3010 3925 4
3011 3926 4
3012 3927 4
3013 3928 4
3014 3929 4
3015 3930 4
3016 3931 4
3017 3932 4
3018 3933 4
3019 3934 4
3020 3935 4
3021 3936 4
3022 3937 4
3023 3938 4
3024 3939 4
3025 3958 4
3026 3960 4
3027 3962 4
3028 3963 4
3029 3964 4
3030 3965 4
3031 3966 4
3032 3955 4
3033 3967 4
3034 3956 4
3035 3968 4
3036 3969 4
3037 3961 4
3038 3970 4
3039 3971 4
3040 3972 4
3041 3973 4
3042 3974 4
3043 3975 4
3044 3976 4
3045 3977 4
3046 3978 4
3047 3979 4
3048 3981 4
3049 3982 4
3050 3983 4
3051 3984 4
3053 3986 4
3054 3987 4
3055 3988 4
3056 3990 4
3057 3991 4
3058 3992 4
3059 3993 4
3060 3994 4
3061 3995 4
3062 3996 4
3063 3997 4
3064 3998 4
3065 3999 4
3066 4000 4
3067 4001 4
3068 4002 4
3069 4003 4
3070 4004 4
3071 4005 4
3072 4006 4
3073 4007 4
3074 4008 4
3075 4009 4
3076 4010 4
3077 4011 4
3078 4012 4
3079 4013 4
3080 4014 4
3081 4015 4
3082 4016 4
3083 4017 4
3084 4018 4
3085 4019 4
3086 4020 4
3087 4021 4
3088 4022 4
3245 4102 4
3246 4227 4
3247 4103 4
3250 4106 4
3251 4107 4
3253 4108 4
3254 4109 4
3255 4110 4
3257 4207 4
3443 4277 4
3444 4281 4
3445 4287 4
3446 4288 4
3447 4303 4
3448 4314 4
3449 4329 4
3450 4332 4
3451 4336 4
3452 4421 4
3453 4422 4
3454 4423 4
3455 4424 4
3456 4425 4
3457 4426 4
3458 4427 4
3459 4428 4
3460 4429 4
3461 4430 4
3462 4431 4
3463 4432 4
3464 4433 4
3465 4434 4
3466 4435 4
3467 4436 4
3468 4437 4
3469 4438 4
3470 4439 4
3471 4440 4
3472 4441 4
3473 4442 4
3474 4443 4
3475 4444 4
3476 4445 4
3477 4446 4
3478 4447 4
3479 4448 4
3480 4449 4
3481 4450 4
3482 4451 4
3483 4452 4
3484 4453 4
3485 4454 4
3486 4455 4
3487 4459 4
3488 4460 4
3489 4461 4
3490 4462 4
3491 4463 4
3492 4464 4
3493 4465 4
3494 4466 4
3495 4471 4
3496 4472 4
3497 4473 4
3498 3957 4
3499 3989 4
3500 4253 4
3501 4491 4
3502 4497 4
3503 4498 4
3504 4499 4
3505 4501 4
3506 4502 4
3507 4503 4
3508 4504 4
3509 4507 4
3510 4508 4
3511 4509 4
3512 4510 4
3513 4515 4
3525 3537 4
3526 3538 4
3527 3539 4
3528 3540 4
3529 3541 4
3530 3542 4
3531 3543 4
3532 3544 4
3533 3545 4
3534 3546 4
3535 3547 4
3536 3548 4
3549 3717 4
3550 3718 4
3551 3719 4
3552 3720 4
3553 3721 4
3554 3722 4
3555 3723 4
3556 3724 4
3557 3725 4
3558 3726 4
3559 3727 4
3560 3728 4
3561 3729 4
3562 3730 4
3563 3731 4
3564 3732 4
3565 3733 4
3566 3734 4
3567 3735 4
3568 3736 4
3569 3737 4
3570 3738 4
3571 3739 4
3572 3740 4
3573 3741 4
3574 3742 4
3575 3743 4
3576 3744 4
3577 3745 4
3578 3746 4
3579 3747 4
3580 3748 4
3581 3749 4
3582 3750 4
3583 3751 4
3584 3752 4
3585 3753 4
3586 3754 4
3587 3755 4
3588 3756 4
3589 3757 4
3590 3758 4
3591 3759 4
3592 3760 4
3593 3761 4
3594 3762 4
3595 3763 4
3596 3764 4
3597 3765 4
3598 3766 4
3599 3767 4
3600 3768 4
3601 3769 4
3602 3770 4
3603 3771 4
3604 3772 4
3605 3773 4
3606 3774 4
3607 3775 4
3608 3776 4
3609 3777 4
3610 3778 4
3611 3779 4
3612 3780 4
3613 3781 4
3614 3782 4
3615 3783 4
3616 3784 4
3617 3785 4
3618 3786 4
3619 3787 4
3620 3788 4
3621 3789 4
3622 3790 4
3623 3791 4
3624 3792 4
3625 3793 4
3626 3794 4
3627 3795 4
3628 3796 4
3629 3797 4
3630 3798 4
3631 3799 4
3632 3800 4
3633 3801 4
3634 3802 4
3635 3803 4
3636 3804 4
3637 3805 4
3638 3806 4
3639 3807 4
3640 3808 4
3641 3809 4
3642 3810 4
3643 3811 4
3644 3812 4
3645 3813 4
3646 3814 4
3647 3815 4
3648 3816 4
3649 3817 4
3650 3818 4
3651 3819 4
3652 3820 4
3653 3821 4
3654 3822 4
3655 3823 4
3656 3824 4
3657 3825 4
3658 3826 4
3659 3827 4
3660 3828 4
3661 3829 4
3662 3830 4
3663 3831 4
3664 3832 4
3665 3833 4
3666 3834 4
3667 3835 4
3668 3836 4
3669 3837 4
3670 3838 4
3671 3839 4
3672 3840 4
3673 4511 4
3514 3516 3
3515 3518 3
3674 3940 3
3675 3941 3
3676 3942 3
3677 3943 3
3678 3944 3
3679 3945 3
3680 3946 3
3681 3947 3
3682 3948 3
3683 3949 3
3684 3950 3
3685 3951 3
3686 3952 3
3687 3953 3
3688 3954 3
3689 3690 2
3691 3692 2
3693 3694 2
3695 3696 2
3697 3698 2
3699 3700 2
3701 3702 2
3703 3704 2
3705 3706 2
3707 3708 2
3709 3710 2
3711 3712 2
3713 3714 2
3715 3716 2