1 422 4
2 399 4
3 363 4
4 377 4
5 378 4
6 386 4
7 389 4
8 390 4
9 368 4
10 369 4
11 375 4
12 388 4
13 394 4
14 395 4
15 396 4
16 398 4
17 429 4
18 406 4
19 407 4
20 408 4
21 409 4
22 410 4
23 418 4
24 419 4
25 414 4
26 420 4
27 421 4
28 427 4
29 428 4
30 430 4
31 431 4
32 437 4
35 436 4
326 334 4
327 335 4
328 336 4
329 337 4
330 338 4
331 339 4
332 340 4
333 341 4
342 350 4
343 351 4
344 352 4
345 353 4
346 354 4
347 355 4
348 356 4
349 357 4
358 364 4
359 365 4
360 366 4
361 370 4
362 371 4
367 372 4
373 374 4
376 379 4
380 381 4
382 383 4
384 385 4
387 391 4
392 393 4
397 400 4
401 403 4
402 404 4
405 411 4
412 413 4
415 416 4
417 423 4
424 425 4
426 432 4
433 435 4
33 254 3
34 215 3
36 180 3
37 216 3
38 217 3
39 181 3
40 182 3
41 183 3
42 184 3
43 185 3
44 186 3
45 187 3
46 188 3
47 189 3
48 190 3
49 191 3
50 192 3
51 193 3
52 194 3
53 195 3
54 196 3
55 197 3
56 198 3
57 199 3
58 200 3
59 201 3
60 202 3
61 203 3
62 204 3
63 205 3
64 206 3
65 207 3
66 208 3
67 209 3
68 210 3
69 211 3
70 212 3
71 213 3
72 214 3
73 218 3
74 219 3
75 220 3
76 221 3
77 222 3
78 223 3
79 224 3
80 225 3
81 226 3
82 227 3
83 228 3
84 229 3
85 230 3
86 231 3
87 232 3
88 233 3
89 234 3
90 235 3
91 236 3
92 237 3
93 238 3
94 239 3
95 240 3
96 241 3
97 242 3
98 243 3
99 244 3
100 245 3
101 246 3
102 247 3
103 248 3
104 249 3
105 250 3
106 251 3
107 252 3
108 253 3
109 255 3
110 256 3
111 257 3
112 258 3
113 259 3
114 260 3
115 261 3
116 262 3
117 263 3
118 264 3
119 265 3
120 266 3
121 267 3
122 268 3
123 269 3
124 270 3
125 271 3
126 272 3
127 273 3
128 274 3
129 275 3
130 276 3
131 277 3
132 278 3
133 279 3
134 280 3
135 281 3
136 282 3
137 283 3
138 284 3
139 285 3
140 286 3
141 287 3
142 288 3
143 289 3
144 290 3
145 291 3
146 292 3
147 293 3
148 294 3
149 295 3
150 296 3
151 297 3
152 298 3
153 299 3
154 300 3
155 301 3
156 302 3
157 303 3
158 304 3
159 305 3
160 306 3
161 307 3
162 308 3
163 309 3
164 310 3
165 311 3
166 312 3
167 313 3
168 314 3
169 315 3
170 316 3
171 317 3
172 318 3
173 319 3
174 320 3
175 321 3
176 322 3
177 323 3
178 324 3
179 325 3