2 24 17
3 25 17
7 93 16
0 95 15
1 21 15
5 27 15
6 61 15
16 23 15
4 26 14
51 112 14
8 107 13
11 81 13
15 102 13
19 100 13
29 59 13
32 52 13
65 130 13
66 131 13
9 20 12
10 22 12
14 111 12
17 68 12
28 57 12
33 56 12
35 128 12
39 92 12
63 129 12
67 133 12
69 134 12
70 136 12
71 143 12
13 45 11
18 99 11
36 50 11
37 53 11
38 60 11
40 104 11
72 132 11
12 108 10
31 49 10
34 58 10
41 64 10
42 80 10
43 97 10
44 98 10
46 101 10
47 105 10
54 127 10
55 144 10
30 48 9
62 135 9
75 126 9
77 89 9
73 87 8
74 122 8
76 88 8
79 116 8
86 150 8
94 103 8
106 119 8
109 121 8
110 142 8
78 96 7
83 125 7
84 141 7
85 151 7
90 91 7
113 117 7
114 140 7
82 120 6
115 137 6
118 152 5
124 148 4
138 146 4
123 147 3
139 145 2