1
3
4
5
6
9
12
13
15
16
18
19
20
23
24
25
26
28
29
30
31
32
33
34
35
37
39
40
41
42
43
44
45
46
47
49
50
52
53
54
55
56
58
59
60
61
62
63
64
66
67
68
69
72
73
74
75
76
79
80
81
82
83
84
86
87
89
90
92
93
94
95
96
98
99
100
101
102
103
104
105
106
107
108
109
110
111
112
113
114
115
116
117
119
120
121
122
123
124
125
126
128
129
130
131
132
133
134
135
136
137
138
139
141
143
145
146
147
148
150
151
152
153
155
156
157
158
159
161
162
163
164
165
166
167
168
169
170
171
172
173
174
175
176
177
179
181
182
183
184
185
186
187
188
191
192
193
194
195
196
197
199
201
202
203
204
206
207
208
209
210
211
213
214
215
216
217
218
220
222
223
226
227
229
231
232
233
234
235
236
237
239
240
241
242
244
245
246
247
248
249
250
251
252
253
254
255
256
257
258
259
260
261
262
263
264
265
266
267
268
270
271
272
273
274
275
276
277
279
281
282
283
284
285
286
289
290
291
292
294
295
298
299
301
302
303
304
305
306
308
309
310
311
312
313
314
315
316
317
318
320
321
322
323
324
325
326
327
328
329
330
331
332
333
334
335
338
339
340
342
343
344
345
348
349
351
352
353
354
356
358
359
360
361
362
363
364
365
367
368
369
370
371
373
374
375
376
377
378
379
380
381
382
383
384
385
386
387
388
389
390
391
392
393
394
395
396
397
398
399
400
401
402
404
405
406
407
408
409
410
411
412
413
414
415
417
418
419
420
421
422
423
424
425
426
427
428
429
430
431
432
433
434
435
436
437
438
440
441
442
443
444
445
446
447
448
449
450
451
452
453
454
455
459
460
461
462
463
464
465
466
467
468
469
470
471
473
474
475
476
477
479
480
481
482
483
485
487
488
489
490
491
493
494
495
496
498
499
500
501
502
503
504
505
506
508
509
510
511
512
513
514
515
516
517
518
519
521
522
523
524
526
528
529
530
532
533
534
536
537
539
540
542
543
544
545
546
548
549
550
551
554
555
556
557
558
559
560
561
562
563
565
566
567
568
569
571
573
575
576
579
580
581
582
584
585
587
588
593
595
596
597
598
599
600
602
604
606
610
611
612
613
616
617
618
619
620
622
623
624
625
626
627
628
630
631
633
634
635
636
637
640
641
642
643
644
645
646
647
649
651
653
654
655
656
657
658
659
660
661
662
663
664
666
668
669
670
671
672
673
675
676
677
678
679
680
681
683
684
685
686
687
688
689
690
691
692
693
694
696
697
698
699
701
702
703
704
705
707
709
710
711
712
713
714
715
717
718
719
721
722
723
724
725
727
728
730
732
733
734
735
736
737
738
739
740
741
743
744
745
746
747
748
749
750
751
754
755
756
757
758
759
760
763
765
766
768
770
771
772
773
774
775
776
777
780
781
782
784
787
788
789
790
791
792
793
794
795
796
797
798
799
800
801
802
804
805
806
808
809
810
811
812
813
814
815
816
817
818
819
820
821
822
824
stop
(1,2)
(1,3)
(1,4)
(1,5)
(1,6)
(1,7)
(1,8)
(1,9)
(1,11)
(1,12)
(1,13)
(1,14)
(1,15)
(1,16)
(1,17)
(1,18)
(1,19)
(1,20)
(1,21)
(1,22)
(1,23)
(1,24)
(1,25)
(1,26)
(1,27)
(1,28)
(1,29)
(1,30)
(1,32)
(1,33)
(1,35)
(1,36)
(1,37)
(1,38)
(1,39)
(1,40)
(1,41)
(1,42)
(1,43)
(1,44)
(1,45)
(1,46)
(1,47)
(1,48)
(1,50)
(1,51)
(1,52)
(1,53)
(1,54)
(1,55)
(1,56)
(1,57)
(1,58)
(1,59)
(1,60)
(1,61)
(1,62)
(1,63)
(1,64)
(1,67)
(1,68)
(1,69)
(1,70)
(1,71)
(1,72)
(1,73)
(1,74)
(1,75)
(1,76)
(1,77)
(1,78)
(1,79)
(1,81)
(1,82)
(1,83)
(1,84)
(1,85)
(1,86)
(1,87)
(1,89)
(1,90)
(1,91)
(1,92)
(1,93)
(1,94)
(1,95)
(1,96)
(1,97)
(1,98)
(1,100)
(1,101)
(1,102)
(1,103)
(1,104)
(1,105)
(1,106)
(1,107)
(1,108)
(1,109)
(1,110)
(1,111)
(1,112)
(1,113)
(1,114)
(1,115)
(1,116)
(1,117)
(1,118)
(1,119)
(1,120)
(1,121)
(1,122)
(1,123)
(1,124)
(1,125)
(1,126)
(1,127)
(1,128)
(1,129)
(1,130)
(1,131)
(1,132)
(1,133)
(1,134)
(1,135)
(1,136)
(1,137)
(1,138)
(1,139)
(1,140)
(1,141)
(1,142)
(1,143)
(1,144)
(1,145)
(1,146)
(1,147)
(1,148)
(1,150)
(1,151)
(1,152)
(1,153)
(1,154)
(1,156)
(1,157)
(1,158)
(1,159)
(1,160)
(1,161)
(1,162)
(1,164)
(1,165)
(1,166)
(1,169)
(1,170)
(1,171)
(1,172)
(1,173)
(1,174)
(1,175)
(1,177)
(1,178)
(1,179)
(1,181)
(1,182)
(1,183)
(1,184)
(1,185)
(1,186)
(1,187)
(1,188)
(1,189)
(1,190)
(1,193)
(1,194)
(1,195)
(1,196)
(1,197)
(1,198)
(1,199)
(1,200)
(1,201)
(1,202)
(1,203)
(1,204)
(1,205)
(1,206)
(1,207)
(1,208)
(1,209)
(1,210)
(1,212)
(1,213)
(1,214)
(1,215)
(1,216)
(1,217)
(1,218)
(1,219)
(1,221)
(1,222)
(1,223)
(1,224)
(1,226)
(1,227)
(1,229)
(1,230)
(1,231)
(1,232)
(1,233)
(1,234)
(1,235)
(1,236)
(2,3)
(2,5)
(2,6)
(2,7)
(2,16)
(2,17)
(2,18)
(2,19)
(2,21)
(2,22)
(2,23)
(2,24)
(2,28)
(2,29)
(2,30)
(2,32)
(2,34)
(2,35)
(2,37)
(2,39)
(2,42)
(2,43)
(2,52)
(2,64)
(2,237)
(2,238)
(2,239)
(2,240)
(2,241)
(2,242)
(2,245)
(2,246)
(2,247)
(2,248)
(2,249)
(2,250)
(2,251)
(2,252)
(2,253)
(2,254)
(2,255)
(2,257)
(2,258)
(2,260)
(2,261)
(2,263)
(2,264)
(2,265)
(2,266)
(2,267)
(2,268)
(2,269)
(2,270)
(2,272)
(2,273)
(2,274)
(2,276)
(2,277)
(2,278)
(2,279)
(2,280)
(2,281)
(2,282)
(2,283)
(2,284)
(2,286)
(2,287)
(2,288)
(2,289)
(2,290)
(2,293)
(2,294)
(2,295)
(2,296)
(2,297)
(2,298)
(2,299)
(2,300)
(2,301)
(2,302)
(2,303)
(2,304)
(2,305)
(2,306)
(2,308)
(2,309)
(2,310)
(2,311)
(2,312)
(2,313)
(2,314)
(2,315)
(2,317)
(2,318)
(2,319)
(2,320)
(2,321)
(2,322)
(2,323)
(2,324)
(2,326)
(2,328)
(2,329)
(2,330)
(2,331)
(2,334)
(2,335)
(2,336)
(2,337)
(2,338)
(2,339)
(2,340)
(2,341)
(2,343)
(2,344)
(2,345)
(2,346)
(2,347)
(2,348)
(2,349)
(2,350)
(2,351)
(2,352)
(2,353)
(2,354)
(2,356)
(2,357)
(2,358)
(2,360)
(2,361)
(2,362)
(2,363)
(2,364)
(2,365)
(2,366)
(2,367)
(2,368)
(2,369)
(2,370)
(2,372)
(2,373)
(2,374)
(2,375)
(2,376)
(2,377)
(2,378)
(2,379)
(2,380)
(2,381)
(2,382)
(2,383)
(2,384)
(2,385)
(2,386)
(2,387)
(2,388)
(2,389)
(2,390)
(2,391)
(2,393)
(2,394)
(2,395)
(2,396)
(2,397)
(2,398)
(2,400)
(3,6)
(3,7)
(3,10)
(3,16)
(3,17)
(3,18)
(3,21)
(3,23)
(3,24)
(3,28)
(3,29)
(3,30)
(3,31)
(3,33)
(3,35)
(3,39)
(3,40)
(3,44)
(3,45)
(3,131)
(3,401)
(3,402)
(3,403)
(3,404)
(3,405)
(3,407)
(3,408)
(3,410)
(3,411)
(3,412)
(3,413)
(3,414)
(3,415)
(3,416)
(3,417)
(3,418)
(3,420)
(4,421)
(4,422)
(4,423)
(5,424)
(6,7)
(6,8)
(6,9)
(6,10)
(6,11)
(6,12)
(6,13)
(6,14)
(6,15)
(6,16)
(6,17)
(6,18)
(6,19)
(6,20)
(6,21)
(6,22)
(6,23)
(6,24)
(6,25)
(6,26)
(6,27)
(6,29)
(6,30)
(6,31)
(6,32)
(6,33)
(6,35)
(6,36)
(6,37)
(6,39)
(6,40)
(6,41)
(6,42)
(6,43)
(6,44)
(6,46)
(6,47)
(6,50)
(6,52)
(6,53)
(6,54)
(6,55)
(6,57)
(6,58)
(6,64)
(6,65)
(6,66)
(6,67)
(6,68)
(6,69)
(6,73)
(6,83)
(6,86)
(6,94)
(6,96)
(6,99)
(6,101)
(6,102)
(6,106)
(6,111)
(6,115)
(6,126)
(6,128)
(6,131)
(6,132)
(6,133)
(6,143)
(6,158)
(6,166)
(6,167)
(6,427)
(6,428)
(6,429)
(6,430)
(6,431)
(6,433)
(6,434)
(6,435)
(6,436)
(6,437)
(6,438)
(6,439)
(6,440)
(6,441)
(6,442)
(6,443)
(6,444)
(6,445)
(6,446)
(6,447)
(6,448)
(6,449)
(6,450)
(6,451)
(6,452)
(6,453)
(6,454)
(6,455)
(6,456)
(6,457)
(6,458)
(6,459)
(7,9)
(7,10)
(7,16)
(7,17)
(7,18)
(7,19)
(7,28)
(7,29)
(7,32)
(7,39)
(7,40)
(7,44)
(7,52)
(7,401)
(7,402)
(7,429)
(7,460)
(7,461)
(7,463)
(7,464)
(7,465)
(9,10)
(12,13)
(14,15)
(14,67)
(15,67)
(16,17)
(18,19)
(21,22)
(23,24)
(27,519)
(27,520)
(28,29)
(30,31)
(36,551)
(37,38)
(37,41)
(37,42)
(37,246)
(37,247)
(37,248)
(37,427)
(37,467)
(37,557)
(37,558)
(37,559)
(37,560)
(37,561)
(37,562)
(37,563)
(37,564)
(37,566)
(37,567)
(37,568)
(37,570)
(37,571)
(37,572)
(37,573)
(38,248)
(38,427)
(38,467)
(39,40)
(41,42)
(43,44)
(45,154)
(46,155)
(47,574)
(48,579)
(49,305)
(50,158)
(51,166)
(55,635)
(55,636)
(57,637)
(60,466)
(69,639)
(69,640)
(70,641)
(71,642)
(72,649)
(73,651)
(73,652)
(74,653)
(74,654)
(74,657)
(74,658)
(80,659)
(84,662)
(85,663)
(94,665)
(97,669)
(101,673)
(110,679)
(115,681)
(120,685)
(123,688)
(126,692)
(128,693)
(128,694)
(128,695)
(128,696)
(128,697)
(131,701)
(133,704)
(138,708)
(147,713)
(148,714)
(155,720)
(157,727)
(158,728)
(158,729)
(158,730)
(166,782)
(166,784)
(166,786)
(166,787)
(166,788)
(166,789)
(166,790)
(166,791)
(166,792)
(166,793)
(166,794)
(166,795)
(166,796)
(166,797)
(166,798)
(166,799)
(166,800)
(166,801)
(166,802)
(166,803)
(166,804)
(166,806)
(166,809)
(166,811)
(166,812)
(166,813)
(166,814)
(166,815)
(166,816)
(166,817)
(166,818)
(166,819)
(166,820)
(166,821)
(166,822)
(166,823)
(166,824)
(167,825)
(237,425)
(237,426)
(238,521)
(238,522)
(238,523)
(238,524)
(238,525)
(238,526)
(238,527)
(238,528)
(238,530)
(238,531)
(238,532)
(238,533)
(238,534)
(238,535)
(238,536)
(238,539)
(238,540)
(238,541)
(238,542)
(238,543)
(238,544)
(238,545)
(238,546)
(238,547)
(239,548)
(241,550)
(243,554)
(244,555)
(245,556)
(246,557)
(247,248)
(247,427)
(247,467)
(248,467)
(249,633)
(251,252)
(251,253)
(251,580)
(252,253)
(252,580)
(253,580)
(259,638)
(266,661)
(268,664)
(279,670)
(281,672)
(284,677)
(286,683)
(287,690)
(291,706)
(295,710)
(295,711)
(297,715)
(301,716)
(303,718)
(303,719)
(308,735)
(309,739)
(309,740)
(309,741)
(309,742)
(309,744)
(309,745)
(309,747)
(309,748)
(309,749)
(309,750)
(309,751)
(309,752)
(309,753)
(309,754)
(309,755)
(309,756)
(309,757)
(309,758)
(309,759)
(309,761)
(309,763)
(309,764)
(309,765)
(309,766)
(309,767)
(309,768)
(309,769)
(309,772)
(309,773)
(309,774)
(309,775)
(309,776)
(309,777)
(309,778)
(309,779)
(309,780)
(401,634)
(426,553)
(427,467)
(429,660)
(431,675)
(434,687)
(467,468)
(467,469)
(467,470)
(467,471)
(467,472)
(467,473)
(467,476)
(467,477)
(467,479)
(467,480)
(467,481)
(467,482)
(467,483)
(467,484)
(467,485)
(467,486)
(467,488)
(467,489)
(467,490)
(467,491)
(467,493)
(467,494)
(467,495)
(467,496)
(467,497)
(467,498)
(467,500)
(467,501)
(467,502)
(467,503)
(467,504)
(467,505)
(467,506)
(467,508)
(467,509)
(467,510)
(467,511)
(467,512)
(467,514)
(467,515)
(467,516)
(467,517)
(467,518)
(468,552)
(469,575)
(469,576)
(469,577)
(469,578)
(471,650)
(476,682)
(478,686)
(481,689)
(487,698)
(488,707)
(493,731)
(493,732)
(493,733)
(493,734)
(494,736)
(519,643)
(519,644)
(519,645)
(519,646)
(519,647)
(519,648)
(526,678)
(527,680)
(533,703)
(550,666)
(556,717)
(574,723)
(580,581)
(580,585)
(580,586)
(580,587)
(580,588)
(580,591)
(580,592)
(580,593)
(580,594)
(580,595)
(580,596)
(580,597)
(580,598)
(580,599)
(580,600)
(580,601)
(580,602)
(580,603)
(580,604)
(580,605)
(580,606)
(580,607)
(580,609)
(580,610)
(580,611)
(580,613)
(580,614)
(580,616)
(580,617)
(580,618)
(580,619)
(580,622)
(580,623)
(580,624)
(580,625)
(580,626)
(580,627)
(580,629)
(580,630)
(580,631)
(633,737)
