0
1
5
6
8
9
10
11
12
13
15
16
17
18
19
20
21
22
23
25
27
28
29
30
31
32
33
34
35
36
37
38
40
42
43
44
45
46
47
48
49
50
51
53
54
55
56
57
58
59
60
61
62
65
67
68
69
70
71
72
73
74
75
76
77
78
79
80
81
82
83
84
85
86
87
88
89
90
91
92
93
94
95
96
97
98
99
100
103
104
105
106
107
108
110
111
112
113
114
117
118
120
121
122
123
124
125
126
128
129
130
131
132
133
134
135
136
137
138
139
140
141
142
143
144
145
146
147
148
149
150
151
152
153
154
155
156
157
158
159
160
161
162
163
164
165
166
167
168
169
170
171
172
173
174
177
178
179
181
182
183
184
185
186
187
188
189
190
191
192
194
195
196
stop
(0,9)
(0,176)
(1,8)
(1,114)
(1,116)
(1,175)
(1,176)
(2,76)
(2,77)
(3,4)
(3,77)
(4,6)
(4,135)
(5,6)
(5,131)
(6,7)
(7,8)
(7,174)
(8,9)
(8,191)
(8,194)
(10,11)
(10,13)
(11,16)
(12,13)
(12,30)
(12,32)
(13,15)
(13,16)
(14,15)
(14,64)
(14,129)
(16,17)
(18,19)
(18,30)
(19,68)
(19,82)
(19,89)
(20,21)
(20,23)
(21,26)
(22,23)
(22,188)
(24,27)
(25,55)
(25,171)
(26,27)
(26,28)
(26,29)
(28,51)
(28,54)
(29,78)
(30,35)
(31,37)
(32,33)
(32,37)
(34,37)
(35,37)
(36,38)
(36,39)
(37,38)
(37,160)
(38,196)
(39,181)
(40,41)
(40,42)
(41,43)
(41,189)
(42,43)
(42,143)
(44,45)
(44,47)
(45,48)
(45,164)
(46,47)
(46,49)
(48,155)
(48,181)
(49,147)
(49,165)
(49,177)
(50,51)
(50,57)
(51,188)
(52,53)
(52,55)
(53,58)
(54,55)
(56,57)
(56,59)
(58,59)
(60,61)
(60,69)
(61,122)
(61,128)
(62,63)
(62,86)
(62,144)
(63,68)
(63,149)
(64,65)
(64,67)
(64,68)
(65,66)
(66,67)
(67,69)
(69,144)
(70,79)
(70,183)
(71,72)
(71,79)
(72,73)
(73,74)
(74,183)
(75,173)
(75,183)
(76,173)
(77,133)
(77,152)
(77,162)
(78,79)
(78,94)
(80,81)
(80,86)
(80,87)
(82,83)
(82,88)
(82,150)
(83,148)
(84,85)
(84,148)
(86,87)
(87,88)
(89,150)
(90,172)
(91,92)
(91,99)
(92,93)
(92,96)
(92,183)
(94,171)
(95,96)
(95,171)
(96,97)
(97,172)
(98,131)
(98,194)
(99,100)
(100,132)
(101,102)
(101,104)
(101,180)
(102,109)
(103,104)
(103,106)
(105,106)
(105,107)
(105,179)
(107,108)
(107,129)
(108,179)
(109,110)
(110,128)
(111,112)
(111,140)
(112,137)
(113,114)
(113,191)
(115,116)
(115,118)
(117,118)
(117,120)
(119,175)
(119,176)
(120,175)
(121,122)
(121,124)
(123,124)
(123,125)
(123,126)
(127,128)
(127,130)
(129,130)
(131,142)
(132,135)
(133,173)
(134,135)
(134,137)
(134,138)
(136,139)
(137,172)
(138,141)
(138,174)
(139,174)
(140,141)
(142,143)
(143,185)
(144,149)
(145,157)
(146,152)
(146,154)
(147,166)
(147,177)
(148,154)
(149,150)
(151,152)
(152,153)
(153,154)
(153,160)
(154,159)
(154,183)
(155,156)
(155,165)
(155,195)
(156,157)
(157,158)
(158,165)
(158,183)
(158,196)
(161,162)
(162,163)
(162,167)
(163,164)
(163,187)
(165,177)
(165,181)
(165,184)
(165,186)
(166,170)
(166,183)
(167,168)
(168,169)
(169,185)
(178,179)
(181,196)
(182,189)
(183,184)
(183,186)
(186,187)
(190,191)
(192,193)
(193,194)
(195,196)
