0
1
2
3
4
5
6
7
8
9
11
12
13
14
15
16
17
18
19
20
21
22
23
24
25
26
27
28
29
30
31
32
33
34
35
36
38
39
41
42
44
45
46
47
48
49
50
52
55
56
57
58
59
60
62
65
67
68
69
70
71
72
73
74
75
77
78
80
81
82
83
84
85
86
87
88
89
90
91
92
93
94
95
96
97
98
99
100
101
102
104
105
106
107
108
109
110
111
112
stop
(0,1)
(0,8)
(0,9)
(0,63)
(0,64)
(1,65)
(2,55)
(2,87)
(3,4)
(3,45)
(3,47)
(3,86)
(3,88)
(4,5)
(4,6)
(4,7)
(4,86)
(5,46)
(6,62)
(6,80)
(6,81)
(7,8)
(8,63)
(8,86)
(9,63)
(10,11)
(10,13)
(10,16)
(10,104)
(11,13)
(11,16)
(11,104)
(12,13)
(12,19)
(14,17)
(14,84)
(15,47)
(15,97)
(16,104)
(17,43)
(18,19)
(18,35)
(19,36)
(19,37)
(19,104)
(20,21)
(20,22)
(20,23)
(21,26)
(22,83)
(23,105)
(24,25)
(24,27)
(24,95)
(25,26)
(25,28)
(25,89)
(25,92)
(27,83)
(28,29)
(29,92)
(30,31)
(30,36)
(30,77)
(30,103)
(31,36)
(31,37)
(31,112)
(32,33)
(32,34)
(33,38)
(34,35)
(36,37)
(38,39)
(40,41)
(40,49)
(41,42)
(42,43)
(43,45)
(44,47)
(46,47)
(47,51)
(47,60)
(47,73)
(47,84)
(47,111)
(48,49)
(48,57)
(49,54)
(49,84)
(50,51)
(50,52)
(50,57)
(50,91)
(52,53)
(53,59)
(53,60)
(54,55)
(54,56)
(54,90)
(54,111)
(55,94)
(55,111)
(56,57)
(58,61)
(58,105)
(58,110)
(59,60)
(60,97)
(60,104)
(61,82)
(62,70)
(62,80)
(62,85)
(63,70)
(63,85)
(64,65)
(64,66)
(64,67)
(66,67)
(66,69)
(66,85)
(68,69)
(68,71)
(70,71)
(72,73)
(72,75)
(72,81)
(73,98)
(74,75)
(74,103)
(74,112)
(75,76)
(75,104)
(76,100)
(77,81)
(77,100)
(77,103)
(78,101)
(79,102)
(81,101)
(82,83)
(87,88)
(88,93)
(89,90)
(89,96)
(91,92)
(93,94)
(94,95)
(95,96)
(97,98)
(98,99)
(99,104)
(99,112)
(100,102)
(101,102)
(105,106)
(106,107)
(107,108)
(108,109)
(109,110)
