0
1
2
3
4
5
6
7
8
9
10
11
12
13
14
15
16
19
20
21
22
26
27
28
30
31
32
33
34
35
36
37
38
39
41
42
43
44
45
46
47
50
51
53
54
55
56
57
58
59
60
61
62
63
64
65
66
67
69
70
71
72
73
74
75
76
77
78
80
81
82
83
84
85
86
87
88
89
90
91
92
93
94
95
96
97
98
99
stop
(0,39)
(0,47)
(0,52)
(0,55)
(0,62)
(0,64)
(0,65)
(1,11)
(1,17)
(1,26)
(1,36)
(1,49)
(1,68)
(1,83)
(1,93)
(1,99)
(2,24)
(2,25)
(2,50)
(2,66)
(2,67)
(2,68)
(2,73)
(2,81)
(2,85)
(2,91)
(2,92)
(3,9)
(3,17)
(3,20)
(3,43)
(3,44)
(3,48)
(3,52)
(3,63)
(3,70)
(3,74)
(3,80)
(4,12)
(4,19)
(4,21)
(4,45)
(4,52)
(4,53)
(4,75)
(4,80)
(4,88)
(5,26)
(5,29)
(5,58)
(5,64)
(5,74)
(5,90)
(5,91)
(6,15)
(6,26)
(6,31)
(6,56)
(7,8)
(7,26)
(7,58)
(7,62)
(7,64)
(7,71)
(7,95)
(7,96)
(7,97)
(7,99)
(8,11)
(8,13)
(8,17)
(8,24)
(8,27)
(8,36)
(8,37)
(8,39)
(8,73)
(9,13)
(9,20)
(9,40)
(9,49)
(9,54)
(9,62)
(9,64)
(9,71)
(9,80)
(9,81)
(9,90)
(9,91)
(9,97)
(9,98)
(10,13)
(10,21)
(10,29)
(10,36)
(10,51)
(10,65)
(11,16)
(11,41)
(11,45)
(11,47)
(11,57)
(11,65)
(11,68)
(11,71)
(12,18)
(12,20)
(12,28)
(12,31)
(12,45)
(12,49)
(12,54)
(12,60)
(12,67)
(12,83)
(12,94)
(12,99)
(13,23)
(13,26)
(13,28)
(13,29)
(13,33)
(13,35)
(13,42)
(13,60)
(13,61)
(13,62)
(13,66)
(13,71)
(13,79)
(14,16)
(14,22)
(14,24)
(14,40)
(14,42)
(14,45)
(14,51)
(14,52)
(14,56)
(14,62)
(14,65)
(14,70)
(14,76)
(14,87)
(14,90)
(14,92)
(14,93)
(15,22)
(15,33)
(15,40)
(15,51)
(15,57)
(15,68)
(15,71)
(15,78)
(15,80)
(15,86)
(15,89)
(15,90)
(15,97)
(16,32)
(16,40)
(16,41)
(16,65)
(16,80)
(16,82)
(16,84)
(16,88)
(16,89)
(17,21)
(17,24)
(17,31)
(17,50)
(17,54)
(17,68)
(17,74)
(17,78)
(17,86)
(17,88)
(17,91)
(17,95)
(18,21)
(18,31)
(18,41)
(18,59)
(18,62)
(18,67)
(18,73)
(18,92)
(19,26)
(19,33)
(19,54)
(19,57)
(19,59)
(19,60)
(19,63)
(19,73)
(19,79)
(20,35)
(20,36)
(20,67)
(20,85)
(20,94)
(21,26)
(21,50)
(21,51)
(21,66)
(21,68)
(21,70)
(21,71)
(21,74)
(21,78)
(22,31)
(22,60)
(22,62)
(23,24)
(23,32)
(23,36)
(23,40)
(23,45)
(23,47)
(23,56)
(23,60)
(23,66)
(23,68)
(23,78)
(23,95)
(24,30)
(24,39)
(24,46)
(24,47)
(24,48)
(24,52)
(24,54)
(24,64)
(24,66)
(24,68)
(24,86)
(24,89)
(24,90)
(24,93)
(24,99)
(25,34)
(25,52)
(25,57)
(25,97)
(26,30)
(26,39)
(26,40)
(26,41)
(26,58)
(26,76)
(26,88)
(27,32)
(27,40)
(27,73)
(27,74)
(27,89)
(28,40)
(28,46)
(28,47)
(28,56)
(28,57)
(28,75)
(28,78)
(28,80)
(29,42)
(29,53)
(29,59)
(29,65)
(29,73)
(30,33)
(30,34)
(30,41)
(30,42)
(30,63)
(31,45)
(31,54)
(31,59)
(31,71)
(31,82)
(31,88)
(31,91)
(31,92)
(31,95)
(32,48)
(32,50)
(32,65)
(32,72)
(32,94)
(32,97)
(32,98)
(33,45)
(33,46)
(33,47)
(33,74)
(33,77)
(33,93)
(34,46)
(34,55)
(34,67)
(34,68)
(34,72)
(34,73)
(34,91)
(34,99)
(35,37)
(35,74)
(35,75)
(35,92)
(36,38)
(36,43)
(36,52)
(36,70)
(36,71)
(36,75)
(36,76)
(36,91)
(37,40)
(37,43)
(37,53)
(37,61)
(37,62)
(37,71)
(37,79)
(37,82)
(37,85)
(38,41)
(38,47)
(38,53)
(38,64)
(38,67)
(39,52)
(39,69)
(39,86)
(39,87)
(39,88)
(40,51)
(40,53)
(40,60)
(40,70)
(40,71)
(40,74)
(40,98)
(41,56)
(41,62)
(41,76)
(41,90)
(41,92)
(41,93)
(42,49)
(42,50)
(42,51)
(42,55)
(42,56)
(42,57)
(42,77)
(43,45)
(43,78)
(43,82)
(43,83)
(43,99)
(44,50)
(44,53)
(44,54)
(44,63)
(44,68)
(44,69)
(44,82)
(44,84)
(44,92)
(44,96)
(45,46)
(45,47)
(45,51)
(45,57)
(45,82)
(45,98)
(46,79)
(46,85)
(46,98)
(46,99)
(47,71)
(47,82)
(47,97)
(47,98)
(48,57)
(48,80)
(48,85)
(48,88)
(49,56)
(49,68)
(49,70)
(49,71)
(49,81)
(49,82)
(49,97)
(49,98)
(50,65)
(50,67)
(50,68)
(50,83)
(51,53)
(51,55)
(51,60)
(51,62)
(51,76)
(51,90)
(52,76)
(52,85)
(52,93)
(53,56)
(53,87)
(54,73)
(55,57)
(55,75)
(55,77)
(56,57)
(56,66)
(56,82)
(56,90)
(56,98)
(57,68)
(57,84)
(57,95)
(58,63)
(58,91)
(58,94)
(59,64)
(59,71)
(59,79)
(59,87)
(59,89)
(59,92)
(59,95)
(59,97)
(60,67)
(60,69)
(60,73)
(60,75)
(60,90)
(60,97)
(61,79)
(61,82)
(61,86)
(61,90)
(61,94)
(61,95)
(62,63)
(62,89)
(62,94)
(63,66)
(63,81)
(63,83)
(63,86)
(64,69)
(64,80)
(64,85)
(65,71)
(65,81)
(65,82)
(66,73)
(66,77)
(67,71)
(67,78)
(67,84)
(67,86)
(67,97)
(68,73)
(68,77)
(68,78)
(68,82)
(68,86)
(68,90)
(70,78)
(70,84)
(70,90)
(71,85)
(71,94)
(71,96)
(72,77)
(72,78)
(72,79)
(72,82)
(72,84)
(72,90)
(72,96)
(72,99)
(73,99)
(75,77)
(75,81)
(75,85)
(76,91)
(77,91)
(77,93)
(77,95)
(78,88)
(79,84)
(79,89)
(79,91)
(79,93)
(80,85)
(80,91)
(81,86)
(81,87)
(82,98)
(83,88)
(83,97)
(84,86)
(85,86)
(85,88)
(85,99)
(86,94)
(87,94)
(87,95)
(88,89)
(88,90)
(88,91)
(88,92)
(93,99)
(95,97)
(97,98)
(97,99)
(98,99)
