0
1
2
3
4
5
6
7
8
9
10
11
12
13
14
15
16
17
18
19
20
22
24
28
29
30
32
33
34
35
36
37
38
40
41
42
44
45
46
47
48
49
50
52
54
55
56
57
58
59
60
61
62
63
64
65
66
67
68
69
70
71
73
74
75
77
78
79
80
81
82
83
84
85
86
87
88
89
90
91
92
93
94
95
96
97
98
99
stop
(0,1)
(0,2)
(0,4)
(0,8)
(0,9)
(0,11)
(0,13)
(0,14)
(0,15)
(0,17)
(0,18)
(0,19)
(0,23)
(0,24)
(0,25)
(0,27)
(0,29)
(0,31)
(0,33)
(0,34)
(0,35)
(0,36)
(0,37)
(0,39)
(0,44)
(0,46)
(0,47)
(0,48)
(0,50)
(0,51)
(0,52)
(0,53)
(0,54)
(0,56)
(0,57)
(0,58)
(0,60)
(0,61)
(0,63)
(0,65)
(0,69)
(0,71)
(0,73)
(0,74)
(0,75)
(0,76)
(0,78)
(0,79)
(0,80)
(0,81)
(0,82)
(0,83)
(0,86)
(0,89)
(0,95)
(0,96)
(0,97)
(1,2)
(1,3)
(1,4)
(1,5)
(1,6)
(1,7)
(1,8)
(1,10)
(1,11)
(1,12)
(1,15)
(1,16)
(1,19)
(1,20)
(1,21)
(1,22)
(1,23)
(1,25)
(1,27)
(1,28)
(1,29)
(1,30)
(1,31)
(1,32)
(1,33)
(1,36)
(1,37)
(1,39)
(1,40)
(1,42)
(1,46)
(1,47)
(1,48)
(1,50)
(1,52)
(1,54)
(1,56)
(1,57)
(1,60)
(1,61)
(1,63)
(1,64)
(1,65)
(1,67)
(1,71)
(1,74)
(1,75)
(1,77)
(1,80)
(1,81)
(1,82)
(1,84)
(1,90)
(1,91)
(1,92)
(1,94)
(1,97)
(1,99)
(2,6)
(2,8)
(2,9)
(2,10)
(2,11)
(2,12)
(2,14)
(2,15)
(2,16)
(2,17)
(2,18)
(2,20)
(2,22)
(2,23)
(2,26)
(2,28)
(2,29)
(2,31)
(2,32)
(2,34)
(2,36)
(2,38)
(2,40)
(2,41)
(2,42)
(2,43)
(2,49)
(2,50)
(2,51)
(2,53)
(2,54)
(2,55)
(2,56)
(2,57)
(2,58)
(2,59)
(2,60)
(2,62)
(2,64)
(2,66)
(2,68)
(2,70)
(2,72)
(2,73)
(2,74)
(2,76)
(2,79)
(2,81)
(2,82)
(2,83)
(2,84)
(2,85)
(2,87)
(2,90)
(2,93)
(2,94)
(2,97)
(2,98)
(3,6)
(3,7)
(3,8)
(3,9)
(3,10)
(3,11)
(3,13)
(3,14)
(3,15)
(3,17)
(3,18)
(3,19)
(3,20)
(3,21)
(3,27)
(3,29)
(3,30)
(3,31)
(3,33)
(3,34)
(3,35)
(3,36)
(3,37)
(3,38)
(3,40)
(3,43)
(3,47)
(3,48)
(3,49)
(3,50)
(3,51)
(3,52)
(3,54)
(3,56)
(3,57)
(3,58)
(3,59)
(3,62)
(3,65)
(3,68)
(3,70)
(3,72)
(3,73)
(3,74)
(3,77)
(3,79)
(3,81)
(3,83)
(3,86)
(3,87)
(3,88)
(3,90)
(3,91)
(3,95)
(3,97)
(3,98)
(4,6)
(4,7)
(4,10)
(4,12)
(4,14)
(4,15)
(4,16)
(4,17)
(4,20)
(4,21)
(4,24)
(4,26)
(4,27)
(4,28)
(4,30)
(4,31)
(4,33)
(4,34)
(4,38)
(4,39)
(4,40)
(4,44)
(4,45)
(4,46)
(4,47)
(4,49)
(4,50)
(4,51)
(4,52)
(4,54)
(4,55)
(4,57)
(4,58)
(4,59)
(4,62)
(4,63)
(4,65)
(4,67)
(4,68)
(4,70)
(4,71)
(4,73)
(4,76)
(4,78)
(4,79)
(4,80)
(4,82)
(4,84)
(4,86)
(4,88)
(4,89)
(4,91)
(4,92)
(4,94)
(4,95)
(4,97)
(4,99)
(5,7)
(5,11)
(5,13)
(5,15)
(5,16)
(5,18)
(5,19)
(5,20)
(5,22)
(5,23)
(5,25)
(5,29)
(5,30)
(5,32)
(5,34)
(5,37)
(5,39)
(5,40)
(5,41)
(5,42)
(5,49)
(5,51)
(5,53)
(5,54)
(5,56)
(5,57)
(5,58)
(5,60)
(5,63)
(5,65)
(5,68)
(5,69)
(5,70)
(5,71)
(5,72)
(5,76)
(5,77)
(5,79)
(5,82)
(5,83)
(5,84)
(5,85)
(5,86)
(5,88)
(5,89)
(5,90)
(5,95)
(5,98)
(6,9)
(6,10)
(6,11)
(6,12)
(6,13)
(6,14)
(6,17)
(6,18)
(6,19)
(6,21)
(6,23)
(6,24)
(6,25)
(6,26)
(6,27)
(6,29)
(6,30)
(6,31)
(6,34)
(6,35)
(6,36)
(6,37)
(6,38)
(6,39)
(6,40)
(6,45)
(6,48)
(6,49)
(6,50)
(6,52)
(6,53)
(6,54)
(6,56)
(6,58)
(6,59)
(6,60)
(6,62)
(6,63)
(6,64)
(6,67)
(6,69)
(6,71)
(6,72)
(6,73)
(6,74)
(6,75)
(6,77)
(6,79)
(6,80)
(6,81)
(6,82)
(6,84)
(6,85)
(6,86)
(6,88)
(6,89)
(6,90)
(6,91)
(6,92)
(6,93)
(6,94)
(6,95)
(6,96)
(6,98)
(6,99)
(7,8)
(7,10)
(7,12)
(7,14)
(7,16)
(7,17)
(7,18)
(7,19)
(7,21)
(7,24)
(7,28)
(7,30)
(7,31)
(7,32)
(7,33)
(7,35)
(7,37)
(7,39)
(7,40)
(7,41)
(7,42)
(7,43)
(7,45)
(7,46)
(7,48)
(7,49)
(7,50)
(7,53)
(7,54)
(7,56)
(7,57)
(7,58)
(7,59)
(7,60)
(7,62)
(7,63)
(7,65)
(7,66)
(7,67)
(7,68)
(7,71)
(7,72)
(7,74)
(7,76)
(7,77)
(7,79)
(7,81)
(7,82)
(7,83)
(7,84)
(7,85)
(7,86)
(7,88)
(7,89)
(7,90)
(7,94)
(7,95)
(7,97)
(7,98)
(7,99)
(8,9)
(8,11)
(8,12)
(8,13)
(8,14)
(8,15)
(8,16)
(8,19)
(8,20)
(8,23)
(8,25)
(8,28)
(8,30)
(8,33)
(8,35)
(8,37)
(8,40)
(8,42)
(8,43)
(8,44)
(8,45)
(8,46)
(8,47)
(8,53)
(8,56)
(8,57)
(8,58)
(8,59)
(8,60)
(8,61)
(8,63)
(8,66)
(8,67)
(8,68)
(8,70)
(8,71)
(8,73)
(8,75)
(8,78)
(8,80)
(8,81)
(8,82)
(8,84)
(8,87)
(8,88)
(8,89)
(8,90)
(8,91)
(8,92)
(8,93)
(8,95)
(8,96)
(8,98)
(9,10)
(9,14)
(9,16)
(9,17)
(9,19)
(9,20)
(9,21)
(9,22)
(9,23)
(9,24)
(9,25)
(9,28)
(9,29)
(9,30)
(9,31)
(9,32)
(9,33)
(9,34)
(9,35)
(9,36)
(9,37)
(9,44)
(9,45)
(9,50)
(9,52)
(9,53)
(9,56)
(9,58)
(9,60)
(9,61)
(9,62)
(9,63)
(9,65)
(9,66)
(9,71)
(9,74)
(9,75)
(9,76)
(9,77)
(9,78)
(9,79)
(9,85)
(9,86)
(9,88)
(9,89)
(9,90)
(9,92)
(9,93)
(9,94)
(9,95)
(9,96)
(9,97)
(9,98)
(9,99)
(10,12)
(10,14)
(10,17)
(10,18)
(10,19)
(10,20)
(10,22)
(10,26)
(10,28)
(10,29)
(10,30)
(10,31)
(10,33)
(10,34)
(10,36)
(10,39)
(10,42)
(10,44)
(10,45)
(10,47)
(10,50)
(10,51)
(10,52)
(10,54)
(10,56)
(10,57)
(10,58)
(10,59)
(10,60)
(10,61)
(10,62)
(10,65)
(10,66)
(10,67)
(10,69)
(10,71)
(10,72)
(10,73)
(10,74)
(10,75)
(10,76)
(10,78)
(10,79)
(10,80)
(10,86)
(10,88)
(10,89)
(10,90)
(10,92)
(10,93)
(10,95)
(10,96)
(10,97)
(11,13)
(11,15)
(11,18)
(11,19)
(11,22)
(11,24)
(11,26)
(11,28)
(11,29)
(11,32)
(11,33)
(11,35)
(11,38)
(11,39)
(11,41)
(11,42)
(11,44)
(11,45)
(11,47)
(11,49)
(11,53)
(11,55)
(11,56)
(11,58)
(11,60)
(11,61)
(11,62)
(11,63)
(11,64)
(11,65)
(11,66)
(11,69)
(11,70)
(11,72)
(11,74)
(11,75)
(11,77)
(11,78)
(11,79)
(11,80)
(11,81)
(11,82)
(11,84)
(11,85)
(11,87)
(11,89)
(11,91)
(11,93)
(11,95)
(11,98)
(11,99)
(12,17)
(12,20)
(12,23)
(12,24)
(12,25)
(12,26)
(12,27)
(12,28)
(12,30)
(12,35)
(12,36)
(12,40)
(12,41)
(12,43)
(12,44)
(12,45)
(12,46)
(12,51)
(12,52)
(12,54)
(12,55)
(12,56)
(12,57)
(12,62)
(12,65)
(12,66)
(12,67)
(12,69)
(12,70)
(12,71)
(12,72)
(12,73)
(12,74)
(12,75)
(12,76)
(12,79)
(12,80)
(12,81)
(12,83)
(12,84)
(12,85)
(12,86)
(12,87)
(12,88)
(12,89)
(12,91)
(12,93)
(12,94)
(12,95)
(12,99)
(13,14)
(13,15)
(13,16)
(13,17)
(13,18)
(13,19)
(13,23)
(13,25)
(13,26)
(13,27)
(13,30)
(13,31)
(13,33)
(13,34)
(13,35)
(13,37)
(13,41)
(13,43)
(13,44)
(13,45)
(13,48)
(13,49)
(13,50)
(13,51)
(13,53)
(13,58)
(13,60)
(13,61)
(13,62)
(13,63)
(13,65)
(13,67)
(13,68)
(13,69)
(13,70)
(13,71)
(13,72)
(13,73)
(13,77)
(13,79)
(13,80)
(13,82)
(13,84)
(13,85)
(13,86)
(13,87)
(13,88)
(13,90)
(13,91)
(13,94)
(13,95)
(13,97)
(13,98)
(13,99)
(14,15)
(14,18)
(14,20)
(14,23)
(14,24)
(14,29)
(14,31)
(14,34)
(14,35)
(14,36)
(14,37)
(14,39)
(14,41)
(14,43)
(14,44)
(14,45)
(14,48)
(14,49)
(14,53)
(14,54)
(14,56)
(14,57)
(14,59)
(14,65)
(14,67)
(14,68)
(14,72)
(14,73)
(14,75)
(14,77)
(14,78)
(14,79)
(14,80)
(14,81)
(14,83)
(14,85)
(14,86)
(14,87)
(14,91)
(14,93)
(14,94)
(14,95)
(14,96)
(14,97)
(14,98)
(14,99)
(15,21)
(15,24)
(15,27)
(15,28)
(15,29)
(15,30)
(15,32)
(15,33)
(15,35)
(15,37)
(15,38)
(15,39)
(15,40)
(15,41)
(15,43)
(15,44)
(15,46)
(15,47)
(15,48)
(15,50)
(15,52)
(15,54)
(15,55)
(15,56)
(15,59)
(15,62)
(15,63)
(15,64)
(15,65)
(15,67)
(15,69)
(15,70)
(15,71)
(15,72)
(15,76)
(15,77)
(15,78)
(15,83)
(15,85)
(15,87)
(15,88)
(15,89)
(15,90)
(15,92)
(15,93)
(15,94)
(15,95)
(15,96)
(15,97)
(16,17)
(16,20)
(16,21)
(16,25)
(16,27)
(16,31)
(16,32)
(16,35)
(16,36)
(16,37)
(16,41)
(16,43)
(16,44)
(16,45)
(16,47)
(16,48)
(16,49)
(16,51)
(16,52)
(16,54)
(16,56)
(16,57)
(16,59)
(16,60)
(16,62)
(16,66)
(16,67)
(16,68)
(16,71)
(16,72)
(16,73)
(16,74)
(16,78)
(16,79)
(16,83)
(16,84)
(16,85)
(16,87)
(16,88)
(16,89)
(16,90)
(16,93)
(16,94)
(16,95)
(16,97)
(17,18)
(17,19)
(17,20)
(17,21)
(17,22)
(17,25)
(17,27)
(17,28)
(17,31)
(17,32)
(17,34)
(17,35)
(17,44)
(17,46)
(17,47)
(17,50)
(17,51)
(17,52)
(17,55)
(17,56)
(17,57)
(17,58)
(17,60)
(17,61)
(17,62)
(17,65)
(17,66)
(17,67)
(17,71)
(17,73)
(17,75)
(17,77)
(17,79)
(17,81)
(17,82)
(17,83)
(17,84)
(17,85)
(17,86)
(17,87)
(17,88)
(17,92)
(17,94)
(17,95)
(17,96)
(17,97)
(18,19)
(18,21)
(18,25)
(18,26)
(18,27)
(18,28)
(18,29)
(18,31)
(18,32)
(18,33)
(18,35)
(18,37)
(18,38)
(18,42)
(18,45)
(18,47)
(18,49)
(18,50)
(18,51)
(18,52)
(18,53)
(18,54)
(18,56)
(18,58)
(18,59)
(18,60)
(18,61)
(18,64)
(18,65)
(18,67)
(18,68)
(18,69)
(18,71)
(18,72)
(18,78)
(18,79)
(18,80)
(18,83)
(18,85)
(18,86)
(18,88)
(18,89)
(18,92)
(18,93)
(18,94)
(18,95)
(18,97)
(19,21)
(19,23)
(19,24)
(19,25)
(19,26)
(19,28)
(19,30)
(19,35)
(19,36)
(19,38)
(19,41)
(19,43)
(19,45)
(19,46)
(19,48)
(19,49)
(19,50)
(19,52)
(19,53)
(19,54)
(19,55)
(19,56)
(19,57)
(19,58)
(19,59)
(19,60)
(19,61)
(19,62)
(19,63)
(19,66)
(19,69)
(19,70)
(19,71)
(19,73)
(19,76)
(19,78)
(19,80)
(19,82)
(19,83)
(19,85)
(19,87)
(19,88)
(19,89)
(19,90)
(19,92)
(19,93)
(19,94)
(19,96)
(19,97)
(20,21)
(20,22)
(20,24)
(20,26)
(20,27)
(20,29)
(20,30)
(20,33)
(20,36)
(20,38)
(20,40)
(20,41)
(20,42)
(20,43)
(20,45)
(20,46)
(20,47)
(20,48)
(20,49)
(20,50)
(20,52)
(20,54)
(20,56)
(20,58)
(20,59)
(20,60)
(20,63)
(20,64)
(20,65)
(20,66)
(20,67)
(20,68)
(20,69)
(20,70)
(20,71)
(20,72)
(20,76)
(20,77)
(20,79)
(20,80)
(20,81)
(20,83)
(20,84)
(20,85)
(20,86)
(20,90)
(20,93)
(20,95)
(20,98)
(21,23)
(21,24)
(21,25)
(21,28)
(21,31)
(21,32)
(21,33)
(21,34)
(21,35)
(21,36)
(21,38)
(21,39)
(21,40)
(21,41)
(21,42)
(21,43)
(21,44)
(21,45)
(21,46)
(21,48)
(21,50)
(21,51)
(21,52)
(21,53)
(21,56)
(21,57)
(21,58)
(21,60)
(21,62)
(21,64)
(21,67)
(21,68)
(21,69)
(21,70)
(21,71)
(21,78)
(21,79)
(21,80)
(21,81)
(21,82)
(21,83)
(21,84)
(21,85)
(21,86)
(21,88)
(21,90)
(21,92)
(21,94)
(21,96)
(21,98)
(22,24)
(22,27)
(22,28)
(22,29)
(22,30)
(22,32)
(22,33)
(22,35)
(22,36)
(22,37)
(22,38)
(22,39)
(22,41)
(22,42)
(22,44)
(22,45)
(22,47)
(22,49)
(22,50)
(22,55)
(22,56)
(22,57)
(22,58)
(22,60)
(22,61)
(22,62)
(22,63)
(22,64)
(22,67)
(22,68)
(22,70)
(22,72)
(22,73)
(22,74)
(22,77)
(22,78)
(22,82)
(22,86)
(22,87)
(22,88)
(22,93)
(22,95)
(22,97)
(22,98)
(22,99)
(23,24)
(23,25)
(23,26)
(23,27)
(23,28)
(23,29)
(23,30)
(23,34)
(23,35)
(23,36)
(23,38)
(23,39)
(23,41)
(23,44)
(23,45)
(23,46)
(23,48)
(23,49)
(23,52)
(23,55)
(23,56)
(23,58)
(23,59)
(23,60)
(23,61)
(23,62)
(23,63)
(23,64)
(23,66)
(23,68)
(23,71)
(23,75)
(23,80)
(23,81)
(23,84)
(23,85)
(23,86)
(23,90)
(23,92)
(23,93)
(23,94)
(23,97)
(23,98)
(24,25)
(24,26)
(24,27)
(24,28)
(24,29)
(24,30)
(24,32)
(24,33)
(24,35)
(24,36)
(24,37)
(24,38)
(24,41)
(24,42)
(24,43)
(24,44)
(24,45)
(24,46)
(24,47)
(24,48)
(24,49)
(24,50)
(24,53)
(24,54)
(24,57)
(24,58)
(24,62)
(24,65)
(24,69)
(24,71)
(24,73)
(24,74)
(24,75)
(24,76)
(24,80)
(24,83)
(24,84)
(24,85)
(24,87)
(24,90)
(24,91)
(24,92)
(24,93)
(24,95)
(24,96)
(24,99)
(25,26)
(25,28)
(25,29)
(25,30)
(25,35)
(25,36)
(25,37)
(25,38)
(25,39)
(25,40)
(25,41)
(25,42)
(25,43)
(25,44)
(25,45)
(25,46)
(25,48)
(25,50)
(25,52)
(25,53)
(25,54)
(25,55)
(25,57)
(25,58)
(25,60)
(25,62)
(25,63)
(25,64)
(25,65)
(25,66)
(25,67)
(25,68)
(25,69)
(25,70)
(25,71)
(25,78)
(25,80)
(25,82)
(25,83)
(25,84)
(25,87)
(25,91)
(25,93)
(25,94)
(25,96)
(25,97)
(25,98)
(26,27)
(26,29)
(26,30)
(26,31)
(26,34)
(26,35)
(26,36)
(26,40)
(26,45)
(26,48)
(26,49)
(26,52)
(26,56)
(26,58)
(26,59)
(26,60)
(26,61)
(26,63)
(26,65)
(26,66)
(26,67)
(26,73)
(26,74)
(26,75)
(26,77)
(26,79)
(26,80)
(26,81)
(26,83)
(26,84)
(26,85)
(26,89)
(26,90)
(26,96)
(26,97)
(27,29)
(27,30)
(27,37)
(27,39)
(27,40)
(27,41)
(27,42)
(27,44)
(27,46)
(27,50)
(27,51)
(27,52)
(27,53)
(27,54)
(27,55)
(27,57)
(27,58)
(27,59)
(27,60)
(27,63)
(27,65)
(27,66)
(27,67)
(27,68)
(27,69)
(27,71)
(27,72)
(27,73)
(27,75)
(27,77)
(27,81)
(27,82)
(27,83)
(27,85)
(27,86)
(27,88)
(27,89)
(27,90)
(27,92)
(27,93)
(27,94)
(27,95)
(27,98)
(28,30)
(28,31)
(28,33)
(28,34)
(28,35)
(28,36)
(28,37)
(28,38)
(28,39)
(28,41)
(28,43)
(28,46)
(28,47)
(28,48)
(28,51)
(28,52)
(28,53)
(28,56)
(28,58)
(28,60)
(28,62)
(28,63)
(28,65)
(28,66)
(28,67)
(28,68)
(28,73)
(28,75)
(28,77)
(28,78)
(28,79)
(28,80)
(28,83)
(28,85)
(28,86)
(28,89)
(28,91)
(28,93)
(28,94)
(28,96)
(28,97)
(28,99)
(29,31)
(29,34)
(29,37)
(29,38)
(29,39)
(29,40)
(29,42)
(29,43)
(29,44)
(29,45)
(29,46)
(29,48)
(29,50)
(29,53)
(29,55)
(29,56)
(29,58)
(29,59)
(29,60)
(29,61)
(29,62)
(29,65)
(29,67)
(29,69)
(29,71)
(29,72)
(29,74)
(29,75)
(29,76)
(29,77)
(29,78)
(29,79)
(29,80)
(29,81)
(29,82)
(29,83)
(29,84)
(29,85)
(29,86)
(29,89)
(29,90)
(29,91)
(29,94)
(29,95)
(29,96)
(29,99)
(30,38)
(30,39)
(30,40)
(30,41)
(30,42)
(30,43)
(30,44)
(30,45)
(30,47)
(30,48)
(30,49)
(30,52)
(30,53)
(30,55)
(30,56)
(30,57)
(30,58)
(30,59)
(30,60)
(30,61)
(30,62)
(30,63)
(30,64)
(30,65)
(30,68)
(30,69)
(30,72)
(30,73)
(30,76)
(30,77)
(30,80)
(30,81)
(30,83)
(30,85)
(30,90)
(30,91)
(30,92)
(30,93)
(30,94)
(30,95)
(30,98)
(30,99)
(31,32)
(31,33)
(31,35)
(31,36)
(31,38)
(31,40)
(31,41)
(31,43)
(31,44)
(31,46)
(31,47)
(31,50)
(31,52)
(31,53)
(31,56)
(31,58)
(31,59)
(31,61)
(31,62)
(31,63)
(31,67)
(31,68)
(31,69)
(31,70)
(31,71)
(31,76)
(31,78)
(31,79)
(31,81)
(31,82)
(31,84)
(31,87)
(31,88)
(31,90)
(31,92)
(31,93)
(31,94)
(31,96)
(31,97)
(32,35)
(32,37)
(32,42)
(32,43)
(32,44)
(32,47)
(32,48)
(32,51)
(32,52)
(32,53)
(32,54)
(32,55)
(32,56)
(32,57)
(32,61)
(32,62)
(32,63)
(32,64)
(32,65)
(32,66)
(32,67)
(32,68)
(32,70)
(32,71)
(32,72)
(32,73)
(32,74)
(32,75)
(32,76)
(32,77)
(32,78)
(32,79)
(32,81)
(32,82)
(32,83)
(32,84)
(32,86)
(32,88)
(32,90)
(32,91)
(32,93)
(32,94)
(32,95)
(32,98)
(33,34)
(33,35)
(33,40)
(33,41)
(33,43)
(33,46)
(33,47)
(33,48)
(33,49)
(33,50)
(33,52)
(33,53)
(33,54)
(33,55)
(33,56)
(33,58)
(33,59)
(33,61)
(33,62)
(33,63)
(33,66)
(33,70)
(33,71)
(33,74)
(33,75)
(33,76)
(33,77)
(33,79)
(33,80)
(33,81)
(33,83)
(33,85)
(33,86)
(33,87)
(33,91)
(33,93)
(33,96)
(34,35)
(34,36)
(34,37)
(34,38)
(34,40)
(34,41)
(34,42)
(34,43)
(34,44)
(34,45)
(34,47)
(34,48)
(34,51)
(34,53)
(34,54)
(34,55)
(34,56)
(34,57)
(34,58)
(34,60)
(34,62)
(34,63)
(34,64)
(34,69)
(34,76)
(34,78)
(34,79)
(34,80)
(34,81)
(34,82)
(34,83)
(34,85)
(34,88)
(34,89)
(34,92)
(34,93)
(34,98)
(35,37)
(35,38)
(35,39)
(35,41)
(35,42)
(35,44)
(35,46)
(35,48)
(35,51)
(35,52)
(35,53)
(35,54)
(35,55)
(35,56)
(35,60)
(35,61)
(35,67)
(35,68)
(35,69)
(35,70)
(35,71)
(35,72)
(35,75)
(35,76)
(35,78)
(35,83)
(35,84)
(35,85)
(35,86)
(35,87)
(35,88)
(35,92)
(35,93)
(35,99)
(36,38)
(36,40)
(36,42)
(36,45)
(36,46)
(36,47)
(36,48)
(36,51)
(36,52)
(36,53)
(36,56)
(36,58)
(36,59)
(36,60)
(36,61)
(36,64)
(36,65)
(36,67)
(36,69)
(36,71)
(36,72)
(36,73)
(36,76)
(36,77)
(36,78)
(36,79)
(36,82)
(36,84)
(36,88)
(36,90)
(36,91)
(36,94)
(36,95)
(36,96)
(36,99)
(37,38)
(37,39)
(37,40)
(37,41)
(37,42)
(37,43)
(37,45)
(37,47)
(37,48)
(37,49)
(37,50)
(37,51)
(37,52)
(37,53)
(37,57)
(37,59)
(37,60)
(37,61)
(37,65)
(37,67)
(37,70)
(37,71)
(37,72)
(37,73)
(37,74)
(37,75)
(37,76)
(37,79)
(37,80)
(37,81)
(37,82)
(37,83)
(37,87)
(37,88)
(37,89)
(37,90)
(37,91)
(37,92)
(37,96)
(37,97)
(37,98)
(37,99)
(38,39)
(38,40)
(38,41)
(38,43)
(38,44)
(38,45)
(38,46)
(38,48)
(38,50)
(38,53)
(38,54)
(38,55)
(38,56)
(38,59)
(38,60)
(38,65)
(38,66)
(38,68)
(38,71)
(38,73)
(38,74)
(38,75)
(38,76)
(38,79)
(38,80)
(38,81)
(38,84)
(38,85)
(38,86)
(38,88)
(38,90)
(38,91)
(38,92)
(38,97)
(38,98)
(38,99)
(39,40)
(39,41)
(39,42)
(39,45)
(39,46)
(39,47)
(39,48)
(39,49)
(39,50)
(39,51)
(39,53)
(39,54)
(39,55)
(39,57)
(39,62)
(39,63)
(39,64)
(39,66)
(39,68)
(39,69)
(39,70)
(39,71)
(39,72)
(39,76)
(39,77)
(39,78)
(39,79)
(39,80)
(39,81)
(39,83)
(39,84)
(39,86)
(39,87)
(39,88)
(39,90)
(39,92)
(39,93)
(39,94)
(39,95)
(39,96)
(39,97)
(39,99)
(40,43)
(40,44)
(40,46)
(40,47)
(40,48)
(40,50)
(40,51)
(40,52)
(40,53)
(40,55)
(40,56)
(40,58)
(40,59)
(40,60)
(40,61)
(40,62)
(40,66)
(40,67)
(40,69)
(40,70)
(40,72)
(40,73)
(40,74)
(40,75)
(40,76)
(40,77)
(40,78)
(40,79)
(40,80)
(40,81)
(40,82)
(40,85)
(40,88)
(40,89)
(40,91)
(40,94)
(40,95)
(40,96)
(40,97)
(40,98)
(41,42)
(41,46)
(41,51)
(41,54)
(41,56)
(41,57)
(41,58)
(41,59)
(41,60)
(41,61)
(41,62)
(41,63)
(41,64)
(41,66)
(41,67)
(41,68)
(41,69)
(41,70)
(41,72)
(41,74)
(41,75)
(41,76)
(41,77)
(41,81)
(41,82)
(41,85)
(41,88)
(41,89)
(41,92)
(41,95)
(41,96)
(41,97)
(42,43)
(42,44)
(42,45)
(42,47)
(42,48)
(42,50)
(42,51)
(42,52)
(42,54)
(42,55)
(42,56)
(42,57)
(42,58)
(42,64)
(42,65)
(42,68)
(42,69)
(42,70)
(42,72)
(42,74)
(42,78)
(42,79)
(42,82)
(42,83)
(42,85)
(42,86)
(42,87)
(42,88)
(42,89)
(42,92)
(42,94)
(42,96)
(42,97)
(42,98)
(42,99)
(43,45)
(43,46)
(43,48)
(43,49)
(43,50)
(43,51)
(43,54)
(43,55)
(43,56)
(43,58)
(43,59)
(43,64)
(43,68)
(43,69)
(43,70)
(43,72)
(43,74)
(43,76)
(43,80)
(43,81)
(43,82)
(43,83)
(43,90)
(43,91)
(43,93)
(43,94)
(43,95)
(43,99)
(44,45)
(44,47)
(44,49)
(44,53)
(44,55)
(44,56)
(44,58)
(44,59)
(44,60)
(44,62)
(44,63)
(44,64)
(44,67)
(44,70)
(44,71)
(44,72)
(44,73)
(44,74)
(44,75)
(44,76)
(44,77)
(44,80)
(44,81)
(44,82)
(44,83)
(44,84)
(44,87)
(44,88)
(44,90)
(44,92)
(44,94)
(44,95)
(44,97)
(44,99)
(45,46)
(45,47)
(45,48)
(45,49)
(45,50)
(45,51)
(45,53)
(45,54)
(45,55)
(45,56)
(45,57)
(45,58)
(45,59)
(45,62)
(45,63)
(45,64)
(45,65)
(45,66)
(45,67)
(45,69)
(45,70)
(45,71)
(45,72)
(45,73)
(45,74)
(45,75)
(45,76)
(45,80)
(45,82)
(45,83)
(45,85)
(45,86)
(45,87)
(45,90)
(45,91)
(45,92)
(45,93)
(45,94)
(45,95)
(45,96)
(45,98)
(45,99)
(46,47)
(46,49)
(46,50)
(46,52)
(46,55)
(46,56)
(46,57)
(46,58)
(46,61)
(46,62)
(46,63)
(46,65)
(46,66)
(46,67)
(46,68)
(46,71)
(46,75)
(46,76)
(46,78)
(46,84)
(46,86)
(46,88)
(46,89)
(46,92)
(46,93)
(46,95)
(46,96)
(46,97)
(46,98)
(46,99)
(47,48)
(47,49)
(47,52)
(47,55)
(47,59)
(47,60)
(47,61)
(47,62)
(47,63)
(47,64)
(47,68)
(47,70)
(47,71)
(47,73)
(47,74)
(47,75)
(47,76)
(47,77)
(47,79)
(47,82)
(47,83)
(47,86)
(47,87)
(47,88)
(47,92)
(47,93)
(47,94)
(47,98)
(47,99)
(48,49)
(48,52)
(48,53)
(48,56)
(48,57)
(48,58)
(48,60)
(48,61)
(48,63)
(48,64)
(48,65)
(48,66)
(48,67)
(48,68)
(48,69)
(48,71)
(48,72)
(48,75)
(48,78)
(48,79)
(48,81)
(48,84)
(48,85)
(48,86)
(48,87)
(48,90)
(48,91)
(48,96)
(48,97)
(48,99)
(49,50)
(49,51)
(49,52)
(49,53)
(49,55)
(49,56)
(49,58)
(49,59)
(49,61)
(49,62)
(49,64)
(49,68)
(49,69)
(49,72)
(49,73)
(49,75)
(49,77)
(49,80)
(49,83)
(49,85)
(49,91)
(49,92)
(49,93)
(49,94)
(49,95)
(49,97)
(49,98)
(50,53)
(50,54)
(50,55)
(50,56)
(50,57)
(50,59)
(50,61)
(50,64)
(50,66)
(50,67)
(50,69)
(50,70)
(50,72)
(50,73)
(50,75)
(50,77)
(50,78)
(50,79)
(50,80)
(50,81)
(50,82)
(50,83)
(50,84)
(50,85)
(50,88)
(50,90)
(50,92)
(50,93)
(50,94)
(50,97)
(50,98)
(50,99)
(51,52)
(51,54)
(51,57)
(51,58)
(51,63)
(51,64)
(51,66)
(51,67)
(51,68)
(51,70)
(51,72)
(51,73)
(51,74)
(51,75)
(51,77)
(51,79)
(51,80)
(51,81)
(51,82)
(51,85)
(51,86)
(51,87)
(51,89)
(51,91)
(51,92)
(51,93)
(51,96)
(51,98)
(51,99)
(52,53)
(52,54)
(52,55)
(52,56)
(52,57)
(52,58)
(52,60)
(52,61)
(52,63)
(52,64)
(52,65)
(52,66)
(52,67)
(52,68)
(52,69)
(52,70)
(52,73)
(52,74)
(52,75)
(52,77)
(52,78)
(52,79)
(52,80)
(52,81)
(52,82)
(52,84)
(52,85)
(52,86)
(52,89)
(52,91)
(52,93)
(52,94)
(52,97)
(53,54)
(53,55)
(53,56)
(53,58)
(53,60)
(53,61)
(53,65)
(53,66)
(53,74)
(53,75)
(53,78)
(53,80)
(53,81)
(53,82)
(53,83)
(53,84)
(53,85)
(53,86)
(53,87)
(53,88)
(53,89)
(53,93)
(53,94)
(53,95)
(53,97)
(53,98)
(54,56)
(54,57)
(54,61)
(54,62)
(54,63)
(54,64)
(54,67)
(54,69)
(54,71)
(54,75)
(54,76)
(54,81)
(54,82)
(54,83)
(54,85)
(54,86)
(54,88)
(54,89)
(54,91)
(54,93)
(54,94)
(54,95)
(54,96)
(55,56)
(55,57)
(55,59)
(55,62)
(55,63)
(55,64)
(55,68)
(55,69)
(55,70)
(55,72)
(55,75)
(55,76)
(55,77)
(55,79)
(55,80)
(55,81)
(55,82)
(55,83)
(55,84)
(55,86)
(55,87)
(55,88)
(55,89)
(55,90)
(55,91)
(55,93)
(55,95)
(55,96)
(55,97)
(55,98)
(55,99)
(56,57)
(56,58)
(56,59)
(56,60)
(56,63)
(56,64)
(56,65)
(56,67)
(56,68)
(56,71)
(56,72)
(56,73)
(56,75)
(56,77)
(56,78)
(56,80)
(56,85)
(56,86)
(56,90)
(56,93)
(56,96)
(56,98)
(57,59)
(57,60)
(57,61)
(57,62)
(57,65)
(57,66)
(57,67)
(57,68)
(57,69)
(57,70)
(57,71)
(57,72)
(57,73)
(57,74)
(57,76)
(57,78)
(57,79)
(57,81)
(57,82)
(57,83)
(57,85)
(57,86)
(57,90)
(57,91)
(57,92)
(57,93)
(57,94)
(57,95)
(57,96)
(57,97)
(57,99)
(58,60)
(58,61)
(58,62)
(58,63)
(58,65)
(58,66)
(58,67)
(58,68)
(58,69)
(58,71)
(58,73)
(58,75)
(58,77)
(58,78)
(58,79)
(58,82)
(58,84)
(58,85)
(58,87)
(58,88)
(58,89)
(58,91)
(58,92)
(58,95)
(58,96)
(58,97)
(58,98)
(58,99)
(59,60)
(59,61)
(59,63)
(59,64)
(59,66)
(59,67)
(59,68)
(59,70)
(59,73)
(59,76)
(59,77)
(59,78)
(59,79)
(59,81)
(59,82)
(59,84)
(59,85)
(59,89)
(59,90)
(59,91)
(59,93)
(59,95)
(59,97)
(59,98)
(59,99)
(60,61)
(60,62)
(60,63)
(60,64)
(60,67)
(60,68)
(60,70)
(60,71)
(60,72)
(60,73)
(60,74)
(60,75)
(60,78)
(60,79)
(60,80)
(60,81)
(60,83)
(60,84)
(60,87)
(60,88)
(60,89)
(60,90)
(60,91)
(60,92)
(60,94)
(60,95)
(60,96)
(60,97)
(60,98)
(61,62)
(61,63)
(61,65)
(61,66)
(61,69)
(61,70)
(61,71)
(61,72)
(61,73)
(61,74)
(61,75)
(61,77)
(61,78)
(61,80)
(61,81)
(61,84)
(61,87)
(61,88)
(61,89)
(61,93)
(61,96)
(61,97)
(61,98)
(61,99)
(62,63)
(62,65)
(62,66)
(62,67)
(62,68)
(62,72)
(62,73)
(62,76)
(62,78)
(62,80)
(62,81)
(62,82)
(62,83)
(62,84)
(62,85)
(62,88)
(62,90)
(62,91)
(62,92)
(62,94)
(62,96)
(62,97)
(62,98)
(62,99)
(63,65)
(63,66)
(63,67)
(63,68)
(63,72)
(63,73)
(63,74)
(63,75)
(63,79)
(63,81)
(63,82)
(63,85)
(63,86)
(63,87)
(63,88)
(63,89)
(63,90)
(63,91)
(63,93)
(63,94)
(63,95)
(63,97)
(63,98)
(64,66)
(64,67)
(64,70)
(64,71)
(64,72)
(64,75)
(64,77)
(64,78)
(64,79)
(64,81)
(64,82)
(64,83)
(64,84)
(64,85)
(64,88)
(64,89)
(64,91)
(64,92)
(64,93)
(64,97)
(64,99)
(65,68)
(65,72)
(65,73)
(65,74)
(65,75)
(65,76)
(65,77)
(65,78)
(65,79)
(65,80)
(65,81)
(65,83)
(65,84)
(65,85)
(65,86)
(65,90)
(65,91)
(65,92)
(65,93)
(65,94)
(65,95)
(65,98)
(65,99)
(66,67)
(66,69)
(66,71)
(66,72)
(66,74)
(66,75)
(66,77)
(66,78)
(66,79)
(66,80)
(66,81)
(66,82)
(66,83)
(66,84)
(66,86)
(66,89)
(66,90)
(66,91)
(66,92)
(66,93)
(66,94)
(66,95)
(66,97)
(66,98)
(66,99)
(67,70)
(67,71)
(67,73)
(67,74)
(67,76)
(67,78)
(67,83)
(67,85)
(67,86)
(67,87)
(67,88)
(67,89)
(67,91)
(67,93)
(67,94)
(67,99)
(68,70)
(68,71)
(68,73)
(68,74)
(68,75)
(68,76)
(68,77)
(68,79)
(68,80)
(68,81)
(68,82)
(68,83)
(68,85)
(68,87)
(68,88)
(68,89)
(68,91)
(68,92)
(68,93)
(68,94)
(68,96)
(68,97)
(68,98)
(69,71)
(69,72)
(69,73)
(69,74)
(69,75)
(69,77)
(69,79)
(69,81)
(69,82)
(69,83)
(69,86)
(69,88)
(69,90)
(69,91)
(69,92)
(69,94)
(69,95)
(69,96)
(70,71)
(70,72)
(70,73)
(70,74)
(70,77)
(70,78)
(70,80)
(70,81)
(70,86)
(70,88)
(70,89)
(70,91)
(70,92)
(70,98)
(70,99)
(71,72)
(71,73)
(71,74)
(71,76)
(71,78)
(71,79)
(71,80)
(71,81)
(71,85)
(71,87)
(71,91)
(71,93)
(71,98)
(72,73)
(72,74)
(72,75)
(72,77)
(72,78)
(72,81)
(72,83)
(72,84)
(72,85)
(72,87)
(72,89)
(72,92)
(72,94)
(72,95)
(72,96)
(72,98)
(73,74)
(73,75)
(73,77)
(73,81)
(73,88)
(73,92)
(73,93)
(73,96)
(73,97)
(73,98)
(73,99)
(74,76)
(74,77)
(74,78)
(74,80)
(74,82)
(74,84)
(74,86)
(74,88)
(74,90)
(74,93)
(74,94)
(74,98)
(74,99)
(75,76)
(75,77)
(75,78)
(75,80)
(75,81)
(75,83)
(75,84)
(75,85)
(75,86)
(75,87)
(75,88)
(75,89)
(75,95)
(75,96)
(75,97)
(75,99)
(76,78)
(76,79)
(76,80)
(76,81)
(76,83)
(76,84)
(76,85)
(76,86)
(76,88)
(76,89)
(76,90)
(76,94)
(76,96)
(76,99)
(77,80)
(77,81)
(77,82)
(77,84)
(77,85)
(77,86)
(77,87)
(77,88)
(77,90)
(77,92)
(77,93)
(77,95)
(77,99)
(78,81)
(78,83)
(78,84)
(78,86)
(78,91)
(78,92)
(78,93)
(78,94)
(78,95)
(78,96)
(78,98)
(79,80)
(79,81)
(79,82)
(79,83)
(79,84)
(79,85)
(79,86)
(79,90)
(79,91)
(79,92)
(79,93)
(79,97)
(79,98)
(80,82)
(80,84)
(80,86)
(80,87)
(80,88)
(80,91)
(80,92)
(80,94)
(80,97)
(81,83)
(81,84)
(81,85)
(81,87)
(81,88)
(81,89)
(81,93)
(81,97)
(81,99)
(82,84)
(82,86)
(82,87)
(82,88)
(82,90)
(82,91)
(82,93)
(82,94)
(82,97)
(82,98)
(83,84)
(83,85)
(83,86)
(83,88)
(83,89)
(83,90)
(83,91)
(83,92)
(83,93)
(83,96)
(83,98)
(84,86)
(84,88)
(84,89)
(84,90)
(84,92)
(84,93)
(84,94)
(84,95)
(84,96)
(84,97)
(84,98)
(84,99)
(85,86)
(85,87)
(85,88)
(85,90)
(85,91)
(85,92)
(85,93)
(85,94)
(85,95)
(85,96)
(85,97)
(85,98)
(85,99)
(86,89)
(86,90)
(86,93)
(86,94)
(86,95)
(86,97)
(86,98)
(86,99)
(87,89)
(87,90)
(87,91)
(87,94)
(87,97)
(87,98)
(87,99)
(88,90)
(88,91)
(88,93)
(88,94)
(88,95)
(88,97)
(88,99)
(89,90)
(89,94)
(89,95)
(89,96)
(89,98)
(89,99)
(90,92)
(90,95)
(90,96)
(90,97)
(90,98)
(90,99)
(91,92)
(91,94)
(91,96)
(91,98)
(92,93)
(92,95)
(92,96)
(92,98)
(93,94)
(93,95)
(93,96)
(93,97)
(93,98)
(93,99)
(94,97)
(94,98)
(95,96)
(95,97)
(96,98)
(96,99)
(97,99)
