0
1
2
3
4
5
6
7
8
9
10
11
12
13
14
15
16
17
18
19
20
21
25
27
30
31
32
33
34
35
36
37
38
39
40
42
43
45
46
47
48
49
50
51
54
55
56
57
58
59
60
61
62
63
64
65
66
67
68
69
70
71
72
73
76
77
78
79
80
81
82
83
84
85
86
87
88
89
90
91
92
93
94
95
96
97
98
99
stop
(0,3)
(0,4)
(0,5)
(0,11)
(0,12)
(0,13)
(0,15)
(0,16)
(0,17)
(0,22)
(0,24)
(0,26)
(0,35)
(0,37)
(0,39)
(0,40)
(0,41)
(0,42)
(0,50)
(0,53)
(0,56)
(0,58)
(0,59)
(0,62)
(0,64)
(0,65)
(0,73)
(0,79)
(0,83)
(0,92)
(0,94)
(0,96)
(0,98)
(1,3)
(1,5)
(1,15)
(1,22)
(1,23)
(1,25)
(1,32)
(1,35)
(1,39)
(1,40)
(1,42)
(1,44)
(1,51)
(1,52)
(1,54)
(1,62)
(1,63)
(1,69)
(1,71)
(1,72)
(1,75)
(1,77)
(1,79)
(1,80)
(1,85)
(1,86)
(1,90)
(1,92)
(1,95)
(1,96)
(1,99)
(2,5)
(2,6)
(2,12)
(2,16)
(2,17)
(2,18)
(2,20)
(2,21)
(2,23)
(2,28)
(2,34)
(2,36)
(2,43)
(2,44)
(2,45)
(2,47)
(2,48)
(2,49)
(2,50)
(2,53)
(2,61)
(2,63)
(2,64)
(2,65)
(2,67)
(2,70)
(2,71)
(2,72)
(2,74)
(2,75)
(2,77)
(2,82)
(2,84)
(2,85)
(2,86)
(2,92)
(2,96)
(2,97)
(2,99)
(3,6)
(3,7)
(3,8)
(3,14)
(3,19)
(3,30)
(3,32)
(3,33)
(3,34)
(3,37)
(3,38)
(3,46)
(3,49)
(3,51)
(3,52)
(3,54)
(3,56)
(3,60)
(3,61)
(3,65)
(3,67)
(3,68)
(3,70)
(3,71)
(3,74)
(3,75)
(3,78)
(3,81)
(3,83)
(3,85)
(3,93)
(3,95)
(4,7)
(4,14)
(4,15)
(4,17)
(4,24)
(4,25)
(4,27)
(4,32)
(4,35)
(4,37)
(4,39)
(4,41)
(4,42)
(4,46)
(4,48)
(4,49)
(4,51)
(4,54)
(4,57)
(4,59)
(4,60)
(4,61)
(4,63)
(4,65)
(4,70)
(4,75)
(4,76)
(4,78)
(4,79)
(4,81)
(4,82)
(4,90)
(4,91)
(4,92)
(4,94)
(4,98)
(5,8)
(5,11)
(5,21)
(5,23)
(5,27)
(5,32)
(5,37)
(5,38)
(5,41)
(5,43)
(5,45)
(5,48)
(5,49)
(5,50)
(5,53)
(5,54)
(5,56)
(5,60)
(5,62)
(5,64)
(5,65)
(5,70)
(5,73)
(5,74)
(5,77)
(5,78)
(5,79)
(5,80)
(5,89)
(5,92)
(5,93)
(5,94)
(5,95)
(5,99)
(6,7)
(6,8)
(6,13)
(6,14)
(6,17)
(6,20)
(6,22)
(6,24)
(6,25)
(6,26)
(6,30)
(6,36)
(6,37)
(6,44)
(6,46)
(6,47)
(6,50)
(6,51)
(6,56)
(6,61)
(6,68)
(6,71)
(6,73)
(6,76)
(6,77)
(6,78)
(6,80)
(6,83)
(6,84)
(6,85)
(6,89)
(6,91)
(6,92)
(6,94)
(6,96)
(6,97)
(7,9)
(7,14)
(7,16)
(7,17)
(7,18)
(7,24)
(7,27)
(7,29)
(7,31)
(7,32)
(7,33)
(7,36)
(7,37)
(7,45)
(7,47)
(7,49)
(7,50)
(7,51)
(7,57)
(7,60)
(7,61)
(7,62)
(7,65)
(7,71)
(7,72)
(7,76)
(7,79)
(7,80)
(7,82)
(7,83)
(7,86)
(7,87)
(7,89)
(7,90)
(7,92)
(7,94)
(7,95)
(7,97)
(8,10)
(8,13)
(8,14)
(8,20)
(8,21)
(8,22)
(8,29)
(8,32)
(8,33)
(8,40)
(8,41)
(8,42)
(8,43)
(8,44)
(8,45)
(8,47)
(8,48)
(8,50)
(8,52)
(8,54)
(8,56)
(8,60)
(8,63)
(8,65)
(8,66)
(8,72)
(8,73)
(8,75)
(8,76)
(8,77)
(8,82)
(8,83)
(8,85)
(8,86)
(8,89)
(8,90)
(8,91)
(8,96)
(8,97)
(9,12)
(9,14)
(9,20)
(9,24)
(9,25)
(9,27)
(9,28)
(9,30)
(9,35)
(9,42)
(9,43)
(9,44)
(9,45)
(9,47)
(9,51)
(9,54)
(9,59)
(9,61)
(9,63)
(9,67)
(9,68)
(9,75)
(9,77)
(9,80)
(9,84)
(9,85)
(9,87)
(9,89)
(9,91)
(9,93)
(9,94)
(9,98)
(10,13)
(10,15)
(10,16)
(10,18)
(10,20)
(10,22)
(10,23)
(10,25)
(10,27)
(10,29)
(10,30)
(10,35)
(10,37)
(10,38)
(10,41)
(10,43)
(10,47)
(10,49)
(10,57)
(10,60)
(10,61)
(10,63)
(10,64)
(10,66)
(10,69)
(10,74)
(10,76)
(10,79)
(10,80)
(10,83)
(10,84)
(10,86)
(10,92)
(10,94)
(10,96)
(11,12)
(11,13)
(11,14)
(11,15)
(11,19)
(11,26)
(11,27)
(11,28)
(11,29)
(11,32)
(11,33)
(11,34)
(11,36)
(11,39)
(11,40)
(11,45)
(11,46)
(11,47)
(11,48)
(11,51)
(11,56)
(11,58)
(11,59)
(11,63)
(11,65)
(11,68)
(11,69)
(11,71)
(11,76)
(11,82)
(11,83)
(11,86)
(11,90)
(11,92)
(11,93)
(11,95)
(11,97)
(11,98)
(11,99)
(12,14)
(12,17)
(12,18)
(12,19)
(12,21)
(12,22)
(12,29)
(12,31)
(12,35)
(12,41)
(12,46)
(12,50)
(12,51)
(12,53)
(12,55)
(12,56)
(12,60)
(12,61)
(12,62)
(12,64)
(12,66)
(12,67)
(12,70)
(12,72)
(12,73)
(12,77)
(12,78)
(12,82)
(12,83)
(12,85)
(12,88)
(12,89)
(12,91)
(12,92)
(12,94)
(12,97)
(12,98)
(12,99)
(13,15)
(13,18)
(13,20)
(13,22)
(13,23)
(13,25)
(13,27)
(13,29)
(13,35)
(13,37)
(13,38)
(13,41)
(13,45)
(13,47)
(13,49)
(13,50)
(13,53)
(13,62)
(13,63)
(13,69)
(13,70)
(13,72)
(13,80)
(13,82)
(13,84)
(13,87)
(13,88)
(13,92)
(13,96)
(13,99)
(14,19)
(14,22)
(14,24)
(14,30)
(14,32)
(14,34)
(14,35)
(14,39)
(14,40)
(14,41)
(14,49)
(14,50)
(14,52)
(14,60)
(14,61)
(14,64)
(14,67)
(14,68)
(14,71)
(14,73)
(14,74)
(14,75)
(14,77)
(14,81)
(14,90)
(14,96)
(14,98)
(15,16)
(15,17)
(15,18)
(15,22)
(15,25)
(15,28)
(15,31)
(15,33)
(15,36)
(15,38)
(15,42)
(15,45)
(15,47)
(15,48)
(15,51)
(15,52)
(15,58)
(15,60)
(15,61)
(15,62)
(15,64)
(15,65)
(15,67)
(15,68)
(15,72)
(15,73)
(15,76)
(15,77)
(15,81)
(15,82)
(15,85)
(15,86)
(15,88)
(15,91)
(15,96)
(15,98)
(16,20)
(16,23)
(16,26)
(16,31)
(16,32)
(16,33)
(16,37)
(16,39)
(16,42)
(16,46)
(16,51)
(16,52)
(16,57)
(16,59)
(16,66)
(16,67)
(16,68)
(16,69)
(16,70)
(16,71)
(16,73)
(16,74)
(16,77)
(16,78)
(16,81)
(16,83)
(16,85)
(16,86)
(16,87)
(16,88)
(16,89)
(16,90)
(16,95)
(16,97)
(17,26)
(17,31)
(17,33)
(17,34)
(17,35)
(17,36)
(17,39)
(17,40)
(17,42)
(17,43)
(17,44)
(17,46)
(17,48)
(17,49)
(17,50)
(17,53)
(17,55)
(17,57)
(17,64)
(17,67)
(17,70)
(17,73)
(17,78)
(17,79)
(17,90)
(17,91)
(17,93)
(17,95)
(17,97)
(18,19)
(18,22)
(18,25)
(18,32)
(18,35)
(18,36)
(18,37)
(18,41)
(18,44)
(18,46)
(18,47)
(18,50)
(18,51)
(18,52)
(18,53)
(18,58)
(18,59)
(18,60)
(18,61)
(18,66)
(18,68)
(18,69)
(18,70)
(18,71)
(18,72)
(18,73)
(18,74)
(18,75)
(18,77)
(18,83)
(18,87)
(18,90)
(18,91)
(18,95)
(18,96)
(18,97)
(18,99)
(19,20)
(19,22)
(19,23)
(19,24)
(19,27)
(19,29)
(19,32)
(19,39)
(19,40)
(19,44)
(19,49)
(19,50)
(19,55)
(19,56)
(19,57)
(19,63)
(19,66)
(19,67)
(19,68)
(19,70)
(19,71)
(19,76)
(19,80)
(19,82)
(19,88)
(19,89)
(19,91)
(19,92)
(19,93)
(19,97)
(19,98)
(20,22)
(20,26)
(20,33)
(20,37)
(20,38)
(20,43)
(20,44)
(20,46)
(20,49)
(20,51)
(20,52)
(20,54)
(20,58)
(20,63)
(20,64)
(20,67)
(20,68)
(20,69)
(20,72)
(20,76)
(20,79)
(20,80)
(20,81)
(20,83)
(20,84)
(20,85)
(20,89)
(20,95)
(20,98)
(20,99)
(21,27)
(21,28)
(21,29)
(21,32)
(21,42)
(21,46)
(21,48)
(21,49)
(21,50)
(21,51)
(21,52)
(21,55)
(21,58)
(21,59)
(21,66)
(21,71)
(21,76)
(21,77)
(21,82)
(21,83)
(21,85)
(21,95)
(21,97)
(22,28)
(22,29)
(22,30)
(22,33)
(22,38)
(22,40)
(22,42)
(22,43)
(22,45)
(22,48)
(22,50)
(22,52)
(22,58)
(22,59)
(22,60)
(22,61)
(22,62)
(22,66)
(22,67)
(22,68)
(22,71)
(22,72)
(22,74)
(22,76)
(22,77)
(22,80)
(22,81)
(22,87)
(22,90)
(22,91)
(22,97)
(22,98)
(22,99)
(23,24)
(23,25)
(23,26)
(23,30)
(23,32)
(23,33)
(23,36)
(23,41)
(23,43)
(23,45)
(23,47)
(23,50)
(23,52)
(23,53)
(23,54)
(23,58)
(23,61)
(23,64)
(23,65)
(23,66)
(23,67)
(23,69)
(23,70)
(23,71)
(23,72)
(23,76)
(23,78)
(23,79)
(23,80)
(23,82)
(23,84)
(23,85)
(23,86)
(23,91)
(23,92)
(23,93)
(23,98)
(24,25)
(24,33)
(24,35)
(24,38)
(24,45)
(24,46)
(24,48)
(24,49)
(24,51)
(24,52)
(24,54)
(24,59)
(24,60)
(24,63)
(24,65)
(24,66)
(24,68)
(24,70)
(24,72)
(24,73)
(24,75)
(24,77)
(24,85)
(24,87)
(24,91)
(24,93)
(24,94)
(24,96)
(24,98)
(24,99)
(25,29)
(25,30)
(25,31)
(25,32)
(25,34)
(25,35)
(25,37)
(25,38)
(25,39)
(25,41)
(25,42)
(25,43)
(25,45)
(25,46)
(25,48)
(25,50)
(25,52)
(25,58)
(25,63)
(25,64)
(25,67)
(25,69)
(25,71)
(25,80)
(25,81)
(25,84)
(25,86)
(25,87)
(25,89)
(25,94)
(25,98)
(26,31)
(26,34)
(26,35)
(26,36)
(26,39)
(26,41)
(26,46)
(26,47)
(26,51)
(26,54)
(26,55)
(26,56)
(26,62)
(26,64)
(26,67)
(26,72)
(26,79)
(26,80)
(26,81)
(26,84)
(26,88)
(26,90)
(26,92)
(26,94)
(26,99)
(27,29)
(27,33)
(27,34)
(27,37)
(27,38)
(27,39)
(27,40)
(27,42)
(27,43)
(27,44)
(27,45)
(27,46)
(27,52)
(27,53)
(27,54)
(27,60)
(27,61)
(27,62)
(27,63)
(27,64)
(27,67)
(27,68)
(27,73)
(27,77)
(27,78)
(27,79)
(27,80)
(27,82)
(27,83)
(27,84)
(27,85)
(27,88)
(27,92)
(27,93)
(28,30)
(28,32)
(28,36)
(28,42)
(28,43)
(28,44)
(28,45)
(28,46)
(28,47)
(28,50)
(28,51)
(28,53)
(28,55)
(28,61)
(28,64)
(28,65)
(28,66)
(28,67)
(28,68)
(28,70)
(28,74)
(28,75)
(28,76)
(28,79)
(28,80)
(28,81)
(28,82)
(28,83)
(28,84)
(28,86)
(28,90)
(28,96)
(28,99)
(29,35)
(29,37)
(29,42)
(29,47)
(29,48)
(29,51)
(29,53)
(29,55)
(29,60)
(29,62)
(29,65)
(29,69)
(29,72)
(29,73)
(29,78)
(29,79)
(29,81)
(29,94)
(29,95)
(29,98)
(30,31)
(30,32)
(30,35)
(30,38)
(30,39)
(30,44)
(30,45)
(30,50)
(30,51)
(30,53)
(30,54)
(30,55)
(30,56)
(30,60)
(30,61)
(30,68)
(30,69)
(30,70)
(30,73)
(30,74)
(30,78)
(30,79)
(30,83)
(30,85)
(30,87)
(30,92)
(30,96)
(31,33)
(31,34)
(31,36)
(31,40)
(31,41)
(31,46)
(31,50)
(31,54)
(31,56)
(31,64)
(31,65)
(31,68)
(31,74)
(31,78)
(31,81)
(31,82)
(31,83)
(31,86)
(31,87)
(31,88)
(31,93)
(31,96)
(32,33)
(32,34)
(32,35)
(32,36)
(32,37)
(32,40)
(32,44)
(32,47)
(32,51)
(32,53)
(32,54)
(32,60)
(32,61)
(32,62)
(32,63)
(32,64)
(32,65)
(32,67)
(32,68)
(32,72)
(32,73)
(32,74)
(32,76)
(32,77)
(32,78)
(32,80)
(32,82)
(32,85)
(32,87)
(32,89)
(32,93)
(32,98)
(33,36)
(33,41)
(33,46)
(33,48)
(33,50)
(33,52)
(33,54)
(33,55)
(33,57)
(33,58)
(33,59)
(33,60)
(33,61)
(33,62)
(33,64)
(33,65)
(33,66)
(33,74)
(33,76)
(33,77)
(33,79)
(33,82)
(33,86)
(33,89)
(33,90)
(33,92)
(33,95)
(33,96)
(34,38)
(34,41)
(34,42)
(34,43)
(34,45)
(34,48)
(34,53)
(34,54)
(34,55)
(34,56)
(34,61)
(34,62)
(34,63)
(34,64)
(34,65)
(34,69)
(34,71)
(34,77)
(34,82)
(34,86)
(34,89)
(34,90)
(34,93)
(34,96)
(34,98)
(35,42)
(35,43)
(35,46)
(35,50)
(35,52)
(35,53)
(35,54)
(35,58)
(35,59)
(35,60)
(35,62)
(35,63)
(35,67)
(35,73)
(35,75)
(35,78)
(35,83)
(35,84)
(35,85)
(35,86)
(35,90)
(35,91)
(35,92)
(35,95)
(36,37)
(36,38)
(36,40)
(36,45)
(36,47)
(36,48)
(36,51)
(36,53)
(36,54)
(36,55)
(36,58)
(36,59)
(36,62)
(36,63)
(36,64)
(36,65)
(36,68)
(36,74)
(36,76)
(36,83)
(36,86)
(36,92)
(36,95)
(36,96)
(36,99)
(37,38)
(37,47)
(37,51)
(37,52)
(37,53)
(37,54)
(37,55)
(37,57)
(37,60)
(37,62)
(37,63)
(37,64)
(37,66)
(37,68)
(37,69)
(37,71)
(37,75)
(37,76)
(37,80)
(37,81)
(37,83)
(37,85)
(37,90)
(37,91)
(37,93)
(37,95)
(38,39)
(38,41)
(38,44)
(38,45)
(38,50)
(38,53)
(38,54)
(38,55)
(38,56)
(38,59)
(38,61)
(38,62)
(38,64)
(38,65)
(38,66)
(38,68)
(38,71)
(38,74)
(38,75)
(38,77)
(38,91)
(39,40)
(39,43)
(39,44)
(39,45)
(39,48)
(39,53)
(39,54)
(39,60)
(39,66)
(39,70)
(39,71)
(39,74)
(39,77)
(39,78)
(39,81)
(39,86)
(39,90)
(39,92)
(39,96)
(39,98)
(40,46)
(40,47)
(40,49)
(40,50)
(40,53)
(40,55)
(40,61)
(40,62)
(40,63)
(40,67)
(40,70)
(40,72)
(40,74)
(40,77)
(40,78)
(40,79)
(40,84)
(40,86)
(40,90)
(40,92)
(40,93)
(40,97)
(41,43)
(41,45)
(41,47)
(41,49)
(41,50)
(41,52)
(41,54)
(41,56)
(41,58)
(41,61)
(41,63)
(41,66)
(41,68)
(41,70)
(41,71)
(41,72)
(41,76)
(41,78)
(41,80)
(41,81)
(41,83)
(41,84)
(41,85)
(41,86)
(41,87)
(41,88)
(41,90)
(41,92)
(41,93)
(41,95)
(41,98)
(41,99)
(42,46)
(42,50)
(42,55)
(42,58)
(42,59)
(42,62)
(42,74)
(42,78)
(42,83)
(42,84)
(42,85)
(42,86)
(42,87)
(42,90)
(42,91)
(42,94)
(42,96)
(42,97)
(42,98)
(43,46)
(43,47)
(43,48)
(43,50)
(43,51)
(43,53)
(43,57)
(43,58)
(43,59)
(43,60)
(43,62)
(43,64)
(43,65)
(43,68)
(43,76)
(43,82)
(43,88)
(43,89)
(43,94)
(43,96)
(43,97)
(43,98)
(43,99)
(44,45)
(44,48)
(44,54)
(44,56)
(44,59)
(44,60)
(44,61)
(44,62)
(44,66)
(44,72)
(44,73)
(44,75)
(44,76)
(44,77)
(44,80)
(44,83)
(44,84)
(44,86)
(44,88)
(44,94)
(44,96)
(44,97)
(44,98)
(45,47)
(45,51)
(45,58)
(45,60)
(45,62)
(45,64)
(45,66)
(45,67)
(45,73)
(45,75)
(45,78)
(45,79)
(45,80)
(45,82)
(45,84)
(45,87)
(45,89)
(45,93)
(45,94)
(45,95)
(45,98)
(46,49)
(46,51)
(46,53)
(46,55)
(46,57)
(46,58)
(46,61)
(46,65)
(46,66)
(46,67)
(46,69)
(46,70)
(46,73)
(46,74)
(46,78)
(46,79)
(46,80)
(46,82)
(46,84)
(46,88)
(46,93)
(46,94)
(46,99)
(47,49)
(47,51)
(47,53)
(47,55)
(47,57)
(47,58)
(47,62)
(47,63)
(47,70)
(47,74)
(47,75)
(47,78)
(47,79)
(47,81)
(47,82)
(47,84)
(47,85)
(47,88)
(47,92)
(47,95)
(47,97)
(47,98)
(48,49)
(48,51)
(48,52)
(48,53)
(48,54)
(48,56)
(48,58)
(48,63)
(48,66)
(48,67)
(48,68)
(48,70)
(48,78)
(48,79)
(48,80)
(48,82)
(48,83)
(48,85)
(48,86)
(48,89)
(48,97)
(48,99)
(49,52)
(49,53)
(49,55)
(49,60)
(49,64)
(49,69)
(49,72)
(49,76)
(49,78)
(49,80)
(49,83)
(49,86)
(49,87)
(49,90)
(49,91)
(49,97)
(50,51)
(50,54)
(50,55)
(50,60)
(50,63)
(50,67)
(50,70)
(50,72)
(50,75)
(50,81)
(50,82)
(50,83)
(50,85)
(50,86)
(50,87)
(50,88)
(50,89)
(50,90)
(50,91)
(50,92)
(50,95)
(50,97)
(50,98)
(50,99)
(51,54)
(51,56)
(51,58)
(51,60)
(51,64)
(51,68)
(51,69)
(51,70)
(51,71)
(51,74)
(51,79)
(51,80)
(51,81)
(51,84)
(51,90)
(51,93)
(52,57)
(52,59)
(52,69)
(52,70)
(52,72)
(52,73)
(52,74)
(52,75)
(52,77)
(52,81)
(52,82)
(52,86)
(52,87)
(52,88)
(52,95)
(53,55)
(53,57)
(53,58)
(53,61)
(53,63)
(53,64)
(53,65)
(53,67)
(53,69)
(53,71)
(53,72)
(53,74)
(53,78)
(53,81)
(53,82)
(53,83)
(53,84)
(53,85)
(53,88)
(53,90)
(53,92)
(53,94)
(53,95)
(53,97)
(54,58)
(54,61)
(54,63)
(54,64)
(54,66)
(54,68)
(54,69)
(54,72)
(54,74)
(54,75)
(54,76)
(54,77)
(54,78)
(54,85)
(54,86)
(54,88)
(54,90)
(54,92)
(54,93)
(54,95)
(54,97)
(55,57)
(55,58)
(55,60)
(55,62)
(55,63)
(55,64)
(55,65)
(55,66)
(55,68)
(55,69)
(55,70)
(55,74)
(55,76)
(55,78)
(55,80)
(55,81)
(55,87)
(55,91)
(55,95)
(55,97)
(56,59)
(56,61)
(56,63)
(56,65)
(56,71)
(56,75)
(56,81)
(56,82)
(56,86)
(56,87)
(56,93)
(56,94)
(56,98)
(57,58)
(57,60)
(57,65)
(57,72)
(57,79)
(57,80)
(57,81)
(57,82)
(57,83)
(57,84)
(57,85)
(57,86)
(57,87)
(57,88)
(57,89)
(57,94)
(57,98)
(57,99)
(58,61)
(58,63)
(58,66)
(58,72)
(58,74)
(58,75)
(58,78)
(58,80)
(58,89)
(58,90)
(58,92)
(58,93)
(58,95)
(58,96)
(59,63)
(59,64)
(59,71)
(59,77)
(59,78)
(59,84)
(59,94)
(59,97)
(59,98)
(60,61)
(60,62)
(60,63)
(60,67)
(60,68)
(60,69)
(60,70)
(60,71)
(60,72)
(60,77)
(60,78)
(60,80)
(60,81)
(60,82)
(60,85)
(60,88)
(60,94)
(60,96)
(61,63)
(61,65)
(61,67)
(61,69)
(61,72)
(61,73)
(61,76)
(61,83)
(61,84)
(61,85)
(61,87)
(61,88)
(61,94)
(61,95)
(61,96)
(61,97)
(61,99)
(62,63)
(62,66)
(62,68)
(62,73)
(62,76)
(62,79)
(62,81)
(62,83)
(62,85)
(62,87)
(62,88)
(62,89)
(62,90)
(62,93)
(62,94)
(62,96)
(63,66)
(63,67)
(63,68)
(63,74)
(63,75)
(63,77)
(63,78)
(63,81)
(63,85)
(63,86)
(63,87)
(63,88)
(63,90)
(63,91)
(63,94)
(63,96)
(63,97)
(63,98)
(63,99)
(64,65)
(64,71)
(64,73)
(64,75)
(64,77)
(64,79)
(64,81)
(64,82)
(64,83)
(64,84)
(64,85)
(64,88)
(64,93)
(64,94)
(64,95)
(64,96)
(64,99)
(65,66)
(65,70)
(65,71)
(65,75)
(65,81)
(65,83)
(65,84)
(65,87)
(65,92)
(65,93)
(65,96)
(65,98)
(66,69)
(66,71)
(66,73)
(66,77)
(66,80)
(66,83)
(66,84)
(66,86)
(66,87)
(66,89)
(66,90)
(66,92)
(66,97)
(67,69)
(67,70)
(67,75)
(67,76)
(67,77)
(67,79)
(67,82)
(67,83)
(67,84)
(67,88)
(67,89)
(67,93)
(67,96)
(67,99)
(68,69)
(68,74)
(68,76)
(68,79)
(68,80)
(68,81)
(68,82)
(68,84)
(68,85)
(68,87)
(68,93)
(69,72)
(69,73)
(69,74)
(69,76)
(69,81)
(69,89)
(69,92)
(69,95)
(70,72)
(70,73)
(70,78)
(70,79)
(70,86)
(70,87)
(70,88)
(70,90)
(70,93)
(70,95)
(71,72)
(71,75)
(71,85)
(71,86)
(71,88)
(71,89)
(71,90)
(71,92)
(71,95)
(71,96)
(72,74)
(72,75)
(72,76)
(72,78)
(72,79)
(72,82)
(72,83)
(72,88)
(72,90)
(72,95)
(72,96)
(72,97)
(72,98)
(72,99)
(73,75)
(73,77)
(73,79)
(73,80)
(73,82)
(73,83)
(73,86)
(73,96)
(74,76)
(74,77)
(74,79)
(74,80)
(74,82)
(74,83)
(74,87)
(74,89)
(74,90)
(74,96)
(75,76)
(75,77)
(75,83)
(75,84)
(75,85)
(75,86)
(75,90)
(75,92)
(75,93)
(75,97)
(75,98)
(76,81)
(76,83)
(76,84)
(76,86)
(76,88)
(76,91)
(76,94)
(76,96)
(76,97)
(77,81)
(77,82)
(77,83)
(77,85)
(77,86)
(77,88)
(77,90)
(77,91)
(77,93)
(77,98)
(78,84)
(78,85)
(78,88)
(78,91)
(78,92)
(78,96)
(78,97)
(79,81)
(79,85)
(79,86)
(79,90)
(79,91)
(79,93)
(79,94)
(79,98)
(80,84)
(80,87)
(80,91)
(80,93)
(80,94)
(80,95)
(80,96)
(80,99)
(81,84)
(81,90)
(81,94)
(81,95)
(82,84)
(82,88)
(82,91)
(82,95)
(82,97)
(82,99)
(83,90)
(83,98)
(83,99)
(84,86)
(84,92)
(84,93)
(84,99)
(85,86)
(85,87)
(85,89)
(85,90)
(85,92)
(85,94)
(85,96)
(85,99)
(86,88)
(86,90)
(86,91)
(86,95)
(86,96)
(86,97)
(86,98)
(87,90)
(87,94)
(87,96)
(87,99)
(88,90)
(88,94)
(88,96)
(89,90)
(89,91)
(89,92)
(89,97)
(89,98)
(90,92)
(90,93)
(90,94)
(90,97)
(91,94)
(91,96)
(92,93)
(92,95)
(92,96)
(92,99)
(93,94)
(93,95)
(93,97)
(94,98)
(94,99)
(95,97)
(96,97)
(97,98)
(98,99)
