4
5
6
7
8
9
11
12
14
15
16
17
18
19
20
21
22
23
24
25
26
29
30
31
32
33
34
35
37
39
40
41
42
43
44
45
46
47
48
49
50
51
52
53
54
55
56
57
58
59
60
61
62
63
64
65
68
69
70
71
72
73
74
75
76
77
78
79
80
81
82
83
84
85
86
87
88
89
90
91
92
93
94
95
96
97
98
99
stop
(0,9)
(0,10)
(0,20)
(0,21)
(0,26)
(0,27)
(0,28)
(0,29)
(0,35)
(0,36)
(0,43)
(0,46)
(0,54)
(0,57)
(0,59)
(0,64)
(0,76)
(0,80)
(0,83)
(0,90)
(0,94)
(1,4)
(1,8)
(1,13)
(1,14)
(1,31)
(1,32)
(1,34)
(1,41)
(1,42)
(1,47)
(1,54)
(1,56)
(1,69)
(1,70)
(1,73)
(1,76)
(1,97)
(1,99)
(2,8)
(2,10)
(2,11)
(2,21)
(2,22)
(2,26)
(2,27)
(2,37)
(2,50)
(2,54)
(2,55)
(2,60)
(2,61)
(2,62)
(2,66)
(2,68)
(2,72)
(2,80)
(2,83)
(2,89)
(2,93)
(2,94)
(2,98)
(3,5)
(3,11)
(3,12)
(3,17)
(3,33)
(3,34)
(3,35)
(3,39)
(3,41)
(3,57)
(3,58)
(3,60)
(3,66)
(3,72)
(3,73)
(3,74)
(3,75)
(3,79)
(3,80)
(3,81)
(3,89)
(3,91)
(4,9)
(4,16)
(4,20)
(4,24)
(4,28)
(4,29)
(4,32)
(4,36)
(4,40)
(4,49)
(4,51)
(4,57)
(4,65)
(4,66)
(4,67)
(4,70)
(4,75)
(4,78)
(4,85)
(4,92)
(4,94)
(5,7)
(5,18)
(5,24)
(5,27)
(5,32)
(5,34)
(5,35)
(5,36)
(5,42)
(5,44)
(5,59)
(5,60)
(5,62)
(5,63)
(5,65)
(5,66)
(5,78)
(5,79)
(5,87)
(5,96)
(5,97)
(5,99)
(6,17)
(6,23)
(6,24)
(6,26)
(6,27)
(6,29)
(6,33)
(6,42)
(6,57)
(6,60)
(6,64)
(6,65)
(6,67)
(6,69)
(6,72)
(6,73)
(6,80)
(6,84)
(6,85)
(6,92)
(7,10)
(7,13)
(7,16)
(7,30)
(7,41)
(7,47)
(7,60)
(7,62)
(7,65)
(7,73)
(7,76)
(7,83)
(7,92)
(7,97)
(7,98)
(8,13)
(8,18)
(8,23)
(8,28)
(8,34)
(8,37)
(8,40)
(8,45)
(8,47)
(8,52)
(8,57)
(8,63)
(8,71)
(8,79)
(8,84)
(8,85)
(8,99)
(9,11)
(9,14)
(9,21)
(9,29)
(9,33)
(9,35)
(9,38)
(9,39)
(9,45)
(9,49)
(9,50)
(9,53)
(9,62)
(9,69)
(9,73)
(9,84)
(9,85)
(9,94)
(9,97)
(9,99)
(10,11)
(10,12)
(10,14)
(10,16)
(10,26)
(10,30)
(10,31)
(10,38)
(10,41)
(10,43)
(10,50)
(10,52)
(10,55)
(10,62)
(10,66)
(10,73)
(10,80)
(10,84)
(10,92)
(11,14)
(11,23)
(11,29)
(11,38)
(11,42)
(11,44)
(11,49)
(11,52)
(11,53)
(11,55)
(11,59)
(11,64)
(11,77)
(11,78)
(11,83)
(11,86)
(11,87)
(11,91)
(11,98)
(11,99)
(12,26)
(12,27)
(12,30)
(12,31)
(12,32)
(12,33)
(12,39)
(12,40)
(12,47)
(12,50)
(12,51)
(12,58)
(12,68)
(12,74)
(12,80)
(12,89)
(12,93)
(13,15)
(13,28)
(13,36)
(13,43)
(13,44)
(13,61)
(13,66)
(13,71)
(13,79)
(13,94)
(13,98)
(13,99)
(14,18)
(14,24)
(14,30)
(14,33)
(14,40)
(14,43)
(14,44)
(14,45)
(14,47)
(14,48)
(14,49)
(14,54)
(14,69)
(14,70)
(14,76)
(14,81)
(14,88)
(14,89)
(14,90)
(14,95)
(14,96)
(15,16)
(15,24)
(15,32)
(15,37)
(15,39)
(15,40)
(15,43)
(15,45)
(15,47)
(15,62)
(15,63)
(15,64)
(15,65)
(15,66)
(15,73)
(15,79)
(15,80)
(15,81)
(15,90)
(15,97)
(15,98)
(15,99)
(16,19)
(16,21)
(16,35)
(16,41)
(16,44)
(16,49)
(16,56)
(16,62)
(16,64)
(16,65)
(16,66)
(16,73)
(16,75)
(16,76)
(16,77)
(16,91)
(16,94)
(16,96)
(16,98)
(17,19)
(17,22)
(17,29)
(17,30)
(17,31)
(17,32)
(17,34)
(17,42)
(17,44)
(17,45)
(17,52)
(17,56)
(17,58)
(17,63)
(17,64)
(17,72)
(17,79)
(17,80)
(17,90)
(17,93)
(17,97)
(18,21)
(18,23)
(18,28)
(18,31)
(18,46)
(18,50)
(18,64)
(18,65)
(18,66)
(18,71)
(18,85)
(18,86)
(18,88)
(18,92)
(18,96)
(19,25)
(19,26)
(19,33)
(19,36)
(19,41)
(19,44)
(19,46)
(19,57)
(19,58)
(19,72)
(19,76)
(19,78)
(19,81)
(19,83)
(19,86)
(19,90)
(19,91)
(19,95)
(19,96)
(20,22)
(20,27)
(20,28)
(20,31)
(20,32)
(20,39)
(20,46)
(20,49)
(20,51)
(20,68)
(20,85)
(20,89)
(20,92)
(20,97)
(21,26)
(21,30)
(21,35)
(21,36)
(21,45)
(21,47)
(21,49)
(21,53)
(21,62)
(21,77)
(21,95)
(21,99)
(22,24)
(22,25)
(22,28)
(22,29)
(22,30)
(22,31)
(22,32)
(22,45)
(22,49)
(22,58)
(22,59)
(22,62)
(22,71)
(22,74)
(22,79)
(22,80)
(22,82)
(22,83)
(22,85)
(22,90)
(22,91)
(22,94)
(22,95)
(23,30)
(23,36)
(23,37)
(23,40)
(23,43)
(23,49)
(23,58)
(23,61)
(23,74)
(23,75)
(23,79)
(23,85)
(23,86)
(23,91)
(23,95)
(23,96)
(24,25)
(24,35)
(24,42)
(24,44)
(24,59)
(24,63)
(24,72)
(24,74)
(24,82)
(24,86)
(24,95)
(24,96)
(24,98)
(25,28)
(25,36)
(25,37)
(25,49)
(25,55)
(25,56)
(25,66)
(25,73)
(25,74)
(25,79)
(25,80)
(25,84)
(25,91)
(25,92)
(25,94)
(25,96)
(25,99)
(26,29)
(26,34)
(26,41)
(26,48)
(26,52)
(26,53)
(26,55)
(26,61)
(26,62)
(26,80)
(26,90)
(26,94)
(26,98)
(26,99)
(27,37)
(27,38)
(27,39)
(27,45)
(27,46)
(27,55)
(27,56)
(27,58)
(27,63)
(27,67)
(27,72)
(27,75)
(27,77)
(27,82)
(27,84)
(27,93)
(28,33)
(28,36)
(28,37)
(28,45)
(28,47)
(28,50)
(28,69)
(28,74)
(28,80)
(28,82)
(28,83)
(28,92)
(28,94)
(29,30)
(29,31)
(29,38)
(29,39)
(29,40)
(29,43)
(29,44)
(29,47)
(29,48)
(29,53)
(29,54)
(29,65)
(29,72)
(29,80)
(29,82)
(29,83)
(29,84)
(29,95)
(29,99)
(30,46)
(30,51)
(30,52)
(30,63)
(30,66)
(30,68)
(30,73)
(30,78)
(30,85)
(30,91)
(31,33)
(31,53)
(31,56)
(31,60)
(31,62)
(31,71)
(31,73)
(31,75)
(31,80)
(31,81)
(31,84)
(31,87)
(31,93)
(31,97)
(32,34)
(32,40)
(32,41)
(32,42)
(32,47)
(32,50)
(32,51)
(32,56)
(32,57)
(32,59)
(32,68)
(32,70)
(32,72)
(32,73)
(32,82)
(32,93)
(32,98)
(33,35)
(33,39)
(33,43)
(33,48)
(33,51)
(33,57)
(33,68)
(33,76)
(33,78)
(33,84)
(33,87)
(33,91)
(33,92)
(33,93)
(33,94)
(33,98)
(34,35)
(34,40)
(34,46)
(34,49)
(34,51)
(34,52)
(34,58)
(34,60)
(34,61)
(34,68)
(34,70)
(34,72)
(34,81)
(34,84)
(34,86)
(34,94)
(34,98)
(35,36)
(35,41)
(35,42)
(35,50)
(35,52)
(35,60)
(35,64)
(35,78)
(35,89)
(35,94)
(35,96)
(36,45)
(36,48)
(36,54)
(36,58)
(36,62)
(36,68)
(36,70)
(36,73)
(36,76)
(36,84)
(36,86)
(36,87)
(36,92)
(36,97)
(37,38)
(37,40)
(37,52)
(37,56)
(37,59)
(37,60)
(37,64)
(37,65)
(37,69)
(37,70)
(37,81)
(37,91)
(37,98)
(38,45)
(38,63)
(38,69)
(38,73)
(38,75)
(38,83)
(38,97)
(39,45)
(39,57)
(39,59)
(39,61)
(39,62)
(39,63)
(39,68)
(39,81)
(39,98)
(40,42)
(40,45)
(40,47)
(40,48)
(40,51)
(40,53)
(40,54)
(40,57)
(40,58)
(40,71)
(40,75)
(40,82)
(40,91)
(40,95)
(40,98)
(41,45)
(41,50)
(41,58)
(41,59)
(41,66)
(41,73)
(41,99)
(42,47)
(42,57)
(42,58)
(42,62)
(42,71)
(42,75)
(42,78)
(42,79)
(42,80)
(42,81)
(42,82)
(42,88)
(42,91)
(42,93)
(42,98)
(43,47)
(43,51)
(43,53)
(43,62)
(43,64)
(43,70)
(43,71)
(43,76)
(43,86)
(43,96)
(43,97)
(43,98)
(43,99)
(44,47)
(44,53)
(44,64)
(44,67)
(44,69)
(44,77)
(44,84)
(44,87)
(44,88)
(44,95)
(44,98)
(45,47)
(45,49)
(45,56)
(45,59)
(45,62)
(45,64)
(45,75)
(45,80)
(45,85)
(45,86)
(45,96)
(46,47)
(46,50)
(46,53)
(46,56)
(46,57)
(46,78)
(46,81)
(46,83)
(46,96)
(46,98)
(46,99)
(47,51)
(47,58)
(47,59)
(47,62)
(47,67)
(47,71)
(47,78)
(47,90)
(47,94)
(48,50)
(48,67)
(48,69)
(48,80)
(48,81)
(48,86)
(48,88)
(48,93)
(48,99)
(49,50)
(49,53)
(49,62)
(49,66)
(49,69)
(49,86)
(49,96)
(50,55)
(50,58)
(50,59)
(50,61)
(50,67)
(50,71)
(50,80)
(50,85)
(50,86)
(51,53)
(51,54)
(51,55)
(51,60)
(51,63)
(51,64)
(51,65)
(51,67)
(51,87)
(51,88)
(51,93)
(51,94)
(52,54)
(52,65)
(52,66)
(52,67)
(52,69)
(52,75)
(52,80)
(52,81)
(52,86)
(52,89)
(52,93)
(52,96)
(53,57)
(53,59)
(53,62)
(53,65)
(53,70)
(53,78)
(53,85)
(53,86)
(53,93)
(53,98)
(54,55)
(54,69)
(54,77)
(54,78)
(54,81)
(54,82)
(54,83)
(54,84)
(54,85)
(54,89)
(54,91)
(55,58)
(55,71)
(55,73)
(55,79)
(55,81)
(55,97)
(55,99)
(56,57)
(56,58)
(56,59)
(56,70)
(56,78)
(56,79)
(56,82)
(56,84)
(56,96)
(56,98)
(57,59)
(57,64)
(57,70)
(57,71)
(57,78)
(57,83)
(57,86)
(57,87)
(57,88)
(57,91)
(57,92)
(58,59)
(58,73)
(58,76)
(58,81)
(58,88)
(58,93)
(58,94)
(59,61)
(59,68)
(59,76)
(59,77)
(59,89)
(59,92)
(59,94)
(60,64)
(60,66)
(60,69)
(60,70)
(60,71)
(60,74)
(60,77)
(60,79)
(60,87)
(60,95)
(61,74)
(61,77)
(61,80)
(61,88)
(61,90)
(61,95)
(62,63)
(62,64)
(62,71)
(62,72)
(62,76)
(62,84)
(62,85)
(62,87)
(62,88)
(62,90)
(62,91)
(63,65)
(63,71)
(63,78)
(63,84)
(63,88)
(63,90)
(63,92)
(63,93)
(64,67)
(64,70)
(64,73)
(64,74)
(64,86)
(64,90)
(64,92)
(64,96)
(65,78)
(65,89)
(66,71)
(66,72)
(66,73)
(66,81)
(66,89)
(67,71)
(67,72)
(67,74)
(67,78)
(67,83)
(67,84)
(67,91)
(67,93)
(68,71)
(68,76)
(68,90)
(68,98)
(69,74)
(69,80)
(69,87)
(69,95)
(70,91)
(70,93)
(70,94)
(70,96)
(71,76)
(71,77)
(71,81)
(71,83)
(71,84)
(71,89)
(71,91)
(71,92)
(72,73)
(72,78)
(72,83)
(72,88)
(72,89)
(72,91)
(72,93)
(72,95)
(73,76)
(73,80)
(73,82)
(73,92)
(73,98)
(74,83)
(74,86)
(74,93)
(74,97)
(75,78)
(75,84)
(75,86)
(75,93)
(75,94)
(75,95)
(76,85)
(76,93)
(77,94)
(79,80)
(79,81)
(79,82)
(79,83)
(79,91)
(79,96)
(79,98)
(80,93)
(80,96)
(81,87)
(81,88)
(81,89)
(81,91)
(81,95)
(81,97)
(82,83)
(82,85)
(82,88)
(82,91)
(82,92)
(82,94)
(82,96)
(82,99)
(83,87)
(83,93)
(83,95)
(83,96)
(83,97)
(84,85)
(84,90)
(84,96)
(85,93)
(86,92)
(86,95)
(86,96)
(87,91)
(87,92)
(87,94)
(88,92)
(88,94)
(89,92)
(89,96)
(89,98)
(89,99)
(91,92)
(91,94)
(91,95)
(92,96)
(92,98)
(95,99)
(97,98)
(97,99)
