0
1
2
3
4
5
6
7
8
9
10
11
12
13
14
15
16
17
18
19
20
21
25
27
30
31
32
33
34
35
36
37
38
39
40
42
43
44
46
47
48
49
50
51
54
55
56
57
58
59
60
61
62
63
64
65
66
67
68
69
70
71
72
73
75
76
77
79
80
81
82
83
84
85
86
87
88
89
90
91
92
93
94
95
96
97
98
99
stop
(0,1)
(0,7)
(0,8)
(0,9)
(0,10)
(0,14)
(0,16)
(0,20)
(0,21)
(0,24)
(0,25)
(0,26)
(0,29)
(0,32)
(0,38)
(0,39)
(0,42)
(0,43)
(0,44)
(0,45)
(0,46)
(0,54)
(0,55)
(0,56)
(0,57)
(0,62)
(0,66)
(0,67)
(0,75)
(0,82)
(0,83)
(0,84)
(0,85)
(0,89)
(0,92)
(0,94)
(0,97)
(0,98)
(0,99)
(1,2)
(1,4)
(1,9)
(1,13)
(1,19)
(1,23)
(1,24)
(1,30)
(1,34)
(1,39)
(1,40)
(1,43)
(1,44)
(1,45)
(1,49)
(1,50)
(1,51)
(1,52)
(1,53)
(1,56)
(1,58)
(1,73)
(1,80)
(1,83)
(1,93)
(1,96)
(1,99)
(2,3)
(2,4)
(2,5)
(2,6)
(2,12)
(2,13)
(2,17)
(2,19)
(2,21)
(2,23)
(2,25)
(2,31)
(2,32)
(2,33)
(2,34)
(2,36)
(2,38)
(2,39)
(2,42)
(2,49)
(2,51)
(2,55)
(2,62)
(2,63)
(2,64)
(2,66)
(2,75)
(2,77)
(2,78)
(2,79)
(2,80)
(2,93)
(2,94)
(2,97)
(2,98)
(3,4)
(3,5)
(3,7)
(3,8)
(3,9)
(3,16)
(3,20)
(3,22)
(3,23)
(3,24)
(3,25)
(3,26)
(3,27)
(3,30)
(3,35)
(3,36)
(3,38)
(3,42)
(3,50)
(3,52)
(3,54)
(3,58)
(3,59)
(3,61)
(3,62)
(3,63)
(3,64)
(3,65)
(3,69)
(3,75)
(3,76)
(3,84)
(3,87)
(3,90)
(3,99)
(4,6)
(4,9)
(4,12)
(4,14)
(4,17)
(4,26)
(4,27)
(4,29)
(4,31)
(4,41)
(4,43)
(4,45)
(4,48)
(4,53)
(4,56)
(4,57)
(4,59)
(4,60)
(4,61)
(4,63)
(4,66)
(4,75)
(4,77)
(4,78)
(4,80)
(4,85)
(4,88)
(4,89)
(4,94)
(4,95)
(5,8)
(5,11)
(5,13)
(5,15)
(5,17)
(5,18)
(5,19)
(5,21)
(5,22)
(5,23)
(5,25)
(5,27)
(5,29)
(5,31)
(5,32)
(5,34)
(5,36)
(5,40)
(5,43)
(5,44)
(5,47)
(5,48)
(5,49)
(5,50)
(5,53)
(5,56)
(5,57)
(5,58)
(5,59)
(5,63)
(5,68)
(5,74)
(5,77)
(5,81)
(5,84)
(5,86)
(5,87)
(5,90)
(5,99)
(6,8)
(6,11)
(6,12)
(6,17)
(6,19)
(6,23)
(6,25)
(6,30)
(6,32)
(6,46)
(6,48)
(6,50)
(6,55)
(6,56)
(6,57)
(6,58)
(6,61)
(6,63)
(6,68)
(6,70)
(6,75)
(6,77)
(6,81)
(6,84)
(6,87)
(6,90)
(6,97)
(7,13)
(7,14)
(7,18)
(7,19)
(7,21)
(7,28)
(7,30)
(7,32)
(7,43)
(7,46)
(7,52)
(7,54)
(7,55)
(7,60)
(7,62)
(7,68)
(7,80)
(7,92)
(7,93)
(7,94)
(7,97)
(8,11)
(8,12)
(8,16)
(8,17)
(8,20)
(8,21)
(8,24)
(8,29)
(8,32)
(8,33)
(8,34)
(8,39)
(8,53)
(8,56)
(8,61)
(8,64)
(8,67)
(8,69)
(8,71)
(8,72)
(8,73)
(8,77)
(8,81)
(8,82)
(8,83)
(8,91)
(8,92)
(8,93)
(8,95)
(8,96)
(9,12)
(9,13)
(9,18)
(9,19)
(9,22)
(9,25)
(9,28)
(9,29)
(9,30)
(9,38)
(9,39)
(9,40)
(9,43)
(9,50)
(9,51)
(9,53)
(9,63)
(9,70)
(9,71)
(9,73)
(9,76)
(9,78)
(9,79)
(9,82)
(9,86)
(9,90)
(9,94)
(9,97)
(9,98)
(9,99)
(10,17)
(10,23)
(10,24)
(10,31)
(10,32)
(10,35)
(10,38)
(10,39)
(10,40)
(10,42)
(10,43)
(10,45)
(10,50)
(10,53)
(10,56)
(10,63)
(10,65)
(10,73)
(10,74)
(10,75)
(10,85)
(10,89)
(10,93)
(10,95)
(11,14)
(11,16)
(11,18)
(11,19)
(11,20)
(11,23)
(11,28)
(11,30)
(11,31)
(11,37)
(11,38)
(11,39)
(11,42)
(11,46)
(11,49)
(11,50)
(11,53)
(11,54)
(11,57)
(11,58)
(11,63)
(11,69)
(11,77)
(11,79)
(11,80)
(11,82)
(11,83)
(11,84)
(11,89)
(11,91)
(11,92)
(11,95)
(11,98)
(12,18)
(12,25)
(12,27)
(12,33)
(12,40)
(12,41)
(12,43)
(12,47)
(12,49)
(12,53)
(12,58)
(12,61)
(12,63)
(12,68)
(12,71)
(12,83)
(12,87)
(12,88)
(12,96)
(12,97)
(13,28)
(13,29)
(13,37)
(13,39)
(13,40)
(13,42)
(13,53)
(13,56)
(13,59)
(13,62)
(13,64)
(13,75)
(13,78)
(13,87)
(13,89)
(13,91)
(13,97)
(14,16)
(14,21)
(14,25)
(14,31)
(14,32)
(14,37)
(14,38)
(14,46)
(14,47)
(14,49)
(14,53)
(14,54)
(14,60)
(14,61)
(14,62)
(14,65)
(14,68)
(14,73)
(14,74)
(14,96)
(14,97)
(15,20)
(15,24)
(15,31)
(15,32)
(15,41)
(15,43)
(15,49)
(15,50)
(15,51)
(15,53)
(15,59)
(15,61)
(15,64)
(15,66)
(15,69)
(15,73)
(15,75)
(15,78)
(15,79)
(15,81)
(15,83)
(15,84)
(15,87)
(15,89)
(15,93)
(15,94)
(15,95)
(15,96)
(15,98)
(16,19)
(16,20)
(16,25)
(16,28)
(16,31)
(16,32)
(16,44)
(16,45)
(16,47)
(16,49)
(16,51)
(16,52)
(16,53)
(16,56)
(16,59)
(16,66)
(16,67)
(16,73)
(16,76)
(16,78)
(16,86)
(16,87)
(16,88)
(16,90)
(16,97)
(16,98)
(17,21)
(17,23)
(17,27)
(17,31)
(17,34)
(17,35)
(17,36)
(17,39)
(17,42)
(17,43)
(17,48)
(17,50)
(17,51)
(17,52)
(17,55)
(17,56)
(17,57)
(17,65)
(17,68)
(17,72)
(17,73)
(17,80)
(17,82)
(17,84)
(17,87)
(17,91)
(17,92)
(17,97)
(17,99)
(18,25)
(18,29)
(18,33)
(18,35)
(18,37)
(18,38)
(18,42)
(18,43)
(18,44)
(18,48)
(18,49)
(18,50)
(18,52)
(18,59)
(18,60)
(18,61)
(18,67)
(18,70)
(18,75)
(18,76)
(18,77)
(18,79)
(18,83)
(18,91)
(18,94)
(18,95)
(18,99)
(19,24)
(19,29)
(19,32)
(19,35)
(19,36)
(19,37)
(19,43)
(19,47)
(19,55)
(19,59)
(19,60)
(19,63)
(19,75)
(19,76)
(19,80)
(19,83)
(19,84)
(19,85)
(19,87)
(19,88)
(20,22)
(20,31)
(20,32)
(20,36)
(20,37)
(20,42)
(20,43)
(20,52)
(20,55)
(20,63)
(20,65)
(20,69)
(20,70)
(20,71)
(20,72)
(20,76)
(20,80)
(20,82)
(20,90)
(20,93)
(20,94)
(20,95)
(21,32)
(21,33)
(21,36)
(21,41)
(21,43)
(21,47)
(21,48)
(21,51)
(21,53)
(21,58)
(21,60)
(21,62)
(21,63)
(21,64)
(21,65)
(21,67)
(21,69)
(21,78)
(21,80)
(21,84)
(21,87)
(21,88)
(21,93)
(21,95)
(21,98)
(21,99)
(22,24)
(22,25)
(22,27)
(22,33)
(22,40)
(22,45)
(22,47)
(22,48)
(22,57)
(22,59)
(22,61)
(22,62)
(22,67)
(22,70)
(22,74)
(22,77)
(22,82)
(22,84)
(22,89)
(22,92)
(23,28)
(23,35)
(23,44)
(23,46)
(23,48)
(23,50)
(23,53)
(23,60)
(23,61)
(23,67)
(23,69)
(23,73)
(23,78)
(23,82)
(23,85)
(23,86)
(23,89)
(23,91)
(23,96)
(23,98)
(23,99)
(24,25)
(24,31)
(24,34)
(24,35)
(24,37)
(24,43)
(24,47)
(24,48)
(24,52)
(24,58)
(24,60)
(24,62)
(24,63)
(24,73)
(24,75)
(24,76)
(24,77)
(24,80)
(24,83)
(24,87)
(24,88)
(24,90)
(24,91)
(24,92)
(24,96)
(24,97)
(25,35)
(25,37)
(25,38)
(25,43)
(25,44)
(25,48)
(25,49)
(25,50)
(25,53)
(25,60)
(25,62)
(25,64)
(25,65)
(25,74)
(25,75)
(25,82)
(25,85)
(25,95)
(25,97)
(25,99)
(26,27)
(26,28)
(26,29)
(26,37)
(26,39)
(26,46)
(26,47)
(26,49)
(26,50)
(26,52)
(26,56)
(26,64)
(26,68)
(26,70)
(26,72)
(26,75)
(26,76)
(26,79)
(26,88)
(26,90)
(26,92)
(27,29)
(27,31)
(27,32)
(27,34)
(27,35)
(27,36)
(27,49)
(27,50)
(27,56)
(27,57)
(27,58)
(27,59)
(27,65)
(27,74)
(27,75)
(27,77)
(27,79)
(27,83)
(27,86)
(27,88)
(27,89)
(27,90)
(27,92)
(27,96)
(27,97)
(27,98)
(28,31)
(28,32)
(28,35)
(28,38)
(28,41)
(28,42)
(28,49)
(28,54)
(28,57)
(28,61)
(28,62)
(28,67)
(28,72)
(28,74)
(28,75)
(28,77)
(28,78)
(28,79)
(28,80)
(28,82)
(28,84)
(28,88)
(28,89)
(28,91)
(28,94)
(28,96)
(28,98)
(29,32)
(29,34)
(29,35)
(29,36)
(29,38)
(29,40)
(29,42)
(29,46)
(29,50)
(29,56)
(29,57)
(29,64)
(29,65)
(29,66)
(29,69)
(29,71)
(29,79)
(29,80)
(29,82)
(29,84)
(29,90)
(29,92)
(29,93)
(29,96)
(29,99)
(30,32)
(30,33)
(30,36)
(30,38)
(30,43)
(30,46)
(30,53)
(30,65)
(30,68)
(30,69)
(30,72)
(30,73)
(30,75)
(30,78)
(30,81)
(30,86)
(30,93)
(30,94)
(30,96)
(30,98)
(31,33)
(31,37)
(31,40)
(31,41)
(31,44)
(31,45)
(31,47)
(31,53)
(31,54)
(31,55)
(31,57)
(31,58)
(31,59)
(31,71)
(31,82)
(31,83)
(31,84)
(31,90)
(31,94)
(32,47)
(32,49)
(32,55)
(32,59)
(32,64)
(32,67)
(32,69)
(32,72)
(32,78)
(32,79)
(32,86)
(32,87)
(32,88)
(32,89)
(32,92)
(32,94)
(32,95)
(32,96)
(33,34)
(33,36)
(33,37)
(33,42)
(33,45)
(33,46)
(33,50)
(33,51)
(33,52)
(33,55)
(33,57)
(33,61)
(33,62)
(33,63)
(33,64)
(33,65)
(33,67)
(33,68)
(33,76)
(33,85)
(33,91)
(33,92)
(33,95)
(33,99)
(34,37)
(34,38)
(34,39)
(34,42)
(34,45)
(34,50)
(34,55)
(34,58)
(34,62)
(34,63)
(34,66)
(34,68)
(34,74)
(34,77)
(34,79)
(34,80)
(34,85)
(34,92)
(34,96)
(35,37)
(35,43)
(35,48)
(35,49)
(35,54)
(35,56)
(35,57)
(35,58)
(35,60)
(35,62)
(35,63)
(35,65)
(35,66)
(35,68)
(35,73)
(35,75)
(35,78)
(35,84)
(35,89)
(35,91)
(35,92)
(35,93)
(35,96)
(36,42)
(36,43)
(36,45)
(36,49)
(36,52)
(36,54)
(36,55)
(36,61)
(36,67)
(36,68)
(36,72)
(36,74)
(36,78)
(36,91)
(36,94)
(36,97)
(36,98)
(37,38)
(37,40)
(37,44)
(37,51)
(37,54)
(37,55)
(37,57)
(37,59)
(37,71)
(37,78)
(37,94)
(37,98)
(38,39)
(38,45)
(38,46)
(38,49)
(38,50)
(38,52)
(38,55)
(38,57)
(38,60)
(38,62)
(38,66)
(38,67)
(38,68)
(38,71)
(38,75)
(38,81)
(38,83)
(38,89)
(38,91)
(38,94)
(38,95)
(38,99)
(39,41)
(39,47)
(39,51)
(39,52)
(39,64)
(39,65)
(39,66)
(39,67)
(39,73)
(39,76)
(39,77)
(39,78)
(39,80)
(39,81)
(39,86)
(39,88)
(39,90)
(39,95)
(39,97)
(39,99)
(40,47)
(40,51)
(40,54)
(40,56)
(40,59)
(40,65)
(40,68)
(40,69)
(40,72)
(40,75)
(40,78)
(40,85)
(40,89)
(40,91)
(40,95)
(41,42)
(41,43)
(41,44)
(41,47)
(41,53)
(41,56)
(41,57)
(41,68)
(41,74)
(41,75)
(41,79)
(41,84)
(41,86)
(41,89)
(41,92)
(41,93)
(41,96)
(41,98)
(42,43)
(42,51)
(42,52)
(42,53)
(42,54)
(42,56)
(42,58)
(42,59)
(42,65)
(42,67)
(42,69)
(42,71)
(42,74)
(42,75)
(42,76)
(42,79)
(42,81)
(42,84)
(42,87)
(42,88)
(42,89)
(42,93)
(43,45)
(43,46)
(43,48)
(43,49)
(43,53)
(43,56)
(43,62)
(43,65)
(43,67)
(43,69)
(43,73)
(43,77)
(43,83)
(43,84)
(43,85)
(43,88)
(43,91)
(43,94)
(43,95)
(44,47)
(44,52)
(44,55)
(44,57)
(44,61)
(44,63)
(44,64)
(44,65)
(44,71)
(44,72)
(44,78)
(44,79)
(44,81)
(44,82)
(44,87)
(44,88)
(44,91)
(44,94)
(44,95)
(44,97)
(45,46)
(45,47)
(45,49)
(45,50)
(45,55)
(45,58)
(45,61)
(45,64)
(45,65)
(45,73)
(45,77)
(45,79)
(45,80)
(45,82)
(45,97)
(46,52)
(46,58)
(46,60)
(46,61)
(46,70)
(46,71)
(46,74)
(46,75)
(46,79)
(46,80)
(46,83)
(46,84)
(46,85)
(46,89)
(46,90)
(47,50)
(47,51)
(47,52)
(47,55)
(47,56)
(47,57)
(47,62)
(47,64)
(47,66)
(47,70)
(47,71)
(47,75)
(47,81)
(47,84)
(47,85)
(47,86)
(47,97)
(48,49)
(48,51)
(48,52)
(48,57)
(48,60)
(48,62)
(48,63)
(48,66)
(48,67)
(48,72)
(48,75)
(48,79)
(48,82)
(48,87)
(48,88)
(48,90)
(48,93)
(48,94)
(48,96)
(48,99)
(49,56)
(49,64)
(49,67)
(49,71)
(49,78)
(49,79)
(49,81)
(49,90)
(49,92)
(49,93)
(50,56)
(50,57)
(50,60)
(50,62)
(50,63)
(50,66)
(50,68)
(50,70)
(50,75)
(50,80)
(50,88)
(50,91)
(50,93)
(50,94)
(51,57)
(51,58)
(51,59)
(51,63)
(51,64)
(51,66)
(51,73)
(51,79)
(51,84)
(51,87)
(51,88)
(51,95)
(51,97)
(52,57)
(52,61)
(52,64)
(52,70)
(52,78)
(52,83)
(52,96)
(52,98)
(53,54)
(53,56)
(53,60)
(53,67)
(53,73)
(53,76)
(53,77)
(53,83)
(53,86)
(53,92)
(54,57)
(54,58)
(54,62)
(54,63)
(54,68)
(54,74)
(54,75)
(54,79)
(54,81)
(54,82)
(54,84)
(54,85)
(54,91)
(54,92)
(54,93)
(54,95)
(54,97)
(54,99)
(55,58)
(55,62)
(55,69)
(55,72)
(55,73)
(55,76)
(55,78)
(55,83)
(55,87)
(55,95)
(56,62)
(56,67)
(56,72)
(56,91)
(56,94)
(57,59)
(57,69)
(57,70)
(57,73)
(57,75)
(57,79)
(57,83)
(57,84)
(57,85)
(57,86)
(57,91)
(57,92)
(58,59)
(58,62)
(58,68)
(58,69)
(58,74)
(58,75)
(58,76)
(58,78)
(58,80)
(58,81)
(58,84)
(58,89)
(58,90)
(58,91)
(58,97)
(58,98)
(59,63)
(59,66)
(59,70)
(59,72)
(59,73)
(59,76)
(59,78)
(59,79)
(59,83)
(59,87)
(59,92)
(60,62)
(60,65)
(60,69)
(60,70)
(60,73)
(60,78)
(60,79)
(60,80)
(60,83)
(60,84)
(60,86)
(60,88)
(60,89)
(60,94)
(60,95)
(61,62)
(61,72)
(61,73)
(61,75)
(61,77)
(61,82)
(61,84)
(61,93)
(61,94)
(61,99)
(62,68)
(62,70)
(62,74)
(62,76)
(62,80)
(62,81)
(62,82)
(62,84)
(62,86)
(62,88)
(62,89)
(62,91)
(62,94)
(63,72)
(63,85)
(63,92)
(63,99)
(64,66)
(64,68)
(64,77)
(64,80)
(64,82)
(64,83)
(64,84)
(64,87)
(64,89)
(64,97)
(64,98)
(64,99)
(65,75)
(65,77)
(65,79)
(65,81)
(65,85)
(65,88)
(65,89)
(65,99)
(66,67)
(66,70)
(66,71)
(66,74)
(66,76)
(66,82)
(66,86)
(66,87)
(66,91)
(66,93)
(66,97)
(67,69)
(67,74)
(67,77)
(67,83)
(67,89)
(67,91)
(67,97)
(68,80)
(68,85)
(68,89)
(68,91)
(68,92)
(68,93)
(69,72)
(69,74)
(69,77)
(69,90)
(69,93)
(69,97)
(69,98)
(70,75)
(70,78)
(70,81)
(70,91)
(70,93)
(70,94)
(71,76)
(71,78)
(71,81)
(71,83)
(71,84)
(71,85)
(71,88)
(71,90)
(71,91)
(71,93)
(72,78)
(72,82)
(72,83)
(72,87)
(72,89)
(72,96)
(73,75)
(73,85)
(73,89)
(73,90)
(73,92)
(73,96)
(74,75)
(74,76)
(74,77)
(74,81)
(74,87)
(74,90)
(74,91)
(74,94)
(74,96)
(75,77)
(75,79)
(75,80)
(75,82)
(75,86)
(75,89)
(75,94)
(75,95)
(76,82)
(76,83)
(76,87)
(76,90)
(76,92)
(76,93)
(76,96)
(77,80)
(77,84)
(77,90)
(77,91)
(77,96)
(78,80)
(78,81)
(78,84)
(78,86)
(78,89)
(78,90)
(78,96)
(78,97)
(79,81)
(79,84)
(79,89)
(79,90)
(79,96)
(79,98)
(79,99)
(80,85)
(80,90)
(80,97)
(81,85)
(81,87)
(81,90)
(81,91)
(81,98)
(82,87)
(82,90)
(82,91)
(82,93)
(82,95)
(82,96)
(83,85)
(83,88)
(83,91)
(83,94)
(83,99)
(84,87)
(84,95)
(85,87)
(85,89)
(85,91)
(85,93)
(85,95)
(85,96)
(85,97)
(85,98)
(86,91)
(86,95)
(86,97)
(86,98)
(86,99)
(87,88)
(87,90)
(87,92)
(87,93)
(87,96)
(88,92)
(88,93)
(88,95)
(88,97)
(88,99)
(89,90)
(89,94)
(89,95)
(90,94)
(91,97)
(92,93)
(92,97)
(92,98)
(93,96)
(93,97)
(93,99)
(94,96)
(94,99)
(95,98)
(95,99)
(96,98)
(96,99)
(97,98)
(98,99)
