0
1
2
3
4
5
6
8
10
11
12
13
14
15
16
17
18
19
20
21
26
27
28
30
32
33
34
35
36
37
38
39
40
41
42
43
44
45
46
47
48
49
50
51
52
53
54
55
56
57
58
59
60
61
62
63
64
65
66
67
68
69
70
71
72
73
74
75
78
79
80
83
84
85
86
87
88
89
90
91
92
93
94
95
96
97
98
99
stop
(0,2)
(0,3)
(0,4)
(0,8)
(0,9)
(0,12)
(0,15)
(0,16)
(0,19)
(0,22)
(0,23)
(0,26)
(0,27)
(0,28)
(0,33)
(0,35)
(0,36)
(0,38)
(0,39)
(0,41)
(0,43)
(0,45)
(0,46)
(0,47)
(0,48)
(0,49)
(0,50)
(0,51)
(0,52)
(0,53)
(0,54)
(0,56)
(0,57)
(0,59)
(0,60)
(0,67)
(0,69)
(0,70)
(0,72)
(0,73)
(0,76)
(0,77)
(0,78)
(0,83)
(0,85)
(0,86)
(0,87)
(0,89)
(0,91)
(0,92)
(0,94)
(0,95)
(0,97)
(1,2)
(1,4)
(1,5)
(1,6)
(1,9)
(1,10)
(1,12)
(1,18)
(1,20)
(1,24)
(1,29)
(1,30)
(1,31)
(1,32)
(1,33)
(1,37)
(1,39)
(1,43)
(1,44)
(1,45)
(1,48)
(1,49)
(1,50)
(1,51)
(1,55)
(1,57)
(1,59)
(1,60)
(1,61)
(1,63)
(1,67)
(1,68)
(1,70)
(1,71)
(1,74)
(1,75)
(1,77)
(1,79)
(1,82)
(1,84)
(1,85)
(1,86)
(1,87)
(1,88)
(1,89)
(1,90)
(1,97)
(1,99)
(2,3)
(2,5)
(2,9)
(2,12)
(2,15)
(2,16)
(2,18)
(2,19)
(2,20)
(2,22)
(2,23)
(2,26)
(2,31)
(2,33)
(2,34)
(2,35)
(2,39)
(2,40)
(2,44)
(2,47)
(2,48)
(2,52)
(2,53)
(2,55)
(2,56)
(2,57)
(2,59)
(2,60)
(2,63)
(2,64)
(2,65)
(2,68)
(2,69)
(2,71)
(2,73)
(2,81)
(2,83)
(2,84)
(2,85)
(2,88)
(2,90)
(2,92)
(2,93)
(2,94)
(2,96)
(2,97)
(2,98)
(3,6)
(3,8)
(3,9)
(3,10)
(3,13)
(3,15)
(3,16)
(3,18)
(3,19)
(3,21)
(3,24)
(3,26)
(3,29)
(3,32)
(3,34)
(3,36)
(3,37)
(3,39)
(3,40)
(3,41)
(3,43)
(3,45)
(3,46)
(3,48)
(3,50)
(3,51)
(3,52)
(3,55)
(3,59)
(3,62)
(3,67)
(3,69)
(3,70)
(3,75)
(3,77)
(3,80)
(3,82)
(3,83)
(3,86)
(3,87)
(3,90)
(3,91)
(3,94)
(3,95)
(3,96)
(3,97)
(4,5)
(4,7)
(4,8)
(4,10)
(4,11)
(4,12)
(4,13)
(4,15)
(4,20)
(4,21)
(4,22)
(4,26)
(4,29)
(4,32)
(4,33)
(4,34)
(4,35)
(4,36)
(4,37)
(4,38)
(4,39)
(4,40)
(4,41)
(4,42)
(4,45)
(4,47)
(4,48)
(4,49)
(4,50)
(4,51)
(4,52)
(4,53)
(4,54)
(4,59)
(4,60)
(4,62)
(4,66)
(4,68)
(4,71)
(4,72)
(4,74)
(4,81)
(4,82)
(4,85)
(4,86)
(4,88)
(4,89)
(4,91)
(4,92)
(4,95)
(4,96)
(4,99)
(5,10)
(5,14)
(5,15)
(5,17)
(5,18)
(5,22)
(5,24)
(5,25)
(5,26)
(5,27)
(5,28)
(5,29)
(5,32)
(5,34)
(5,35)
(5,37)
(5,38)
(5,39)
(5,40)
(5,42)
(5,46)
(5,47)
(5,48)
(5,49)
(5,53)
(5,55)
(5,56)
(5,57)
(5,58)
(5,62)
(5,68)
(5,70)
(5,71)
(5,74)
(5,75)
(5,76)
(5,77)
(5,79)
(5,81)
(5,83)
(5,84)
(5,85)
(5,87)
(5,88)
(5,89)
(5,93)
(5,95)
(5,97)
(5,99)
(6,7)
(6,13)
(6,15)
(6,16)
(6,19)
(6,20)
(6,22)
(6,24)
(6,25)
(6,27)
(6,29)
(6,32)
(6,34)
(6,36)
(6,40)
(6,43)
(6,44)
(6,45)
(6,46)
(6,49)
(6,52)
(6,55)
(6,56)
(6,57)
(6,58)
(6,61)
(6,64)
(6,70)
(6,71)
(6,74)
(6,75)
(6,77)
(6,80)
(6,81)
(6,82)
(6,86)
(6,87)
(6,89)
(6,90)
(6,91)
(6,92)
(6,93)
(6,97)
(6,99)
(7,8)
(7,10)
(7,11)
(7,12)
(7,13)
(7,14)
(7,15)
(7,16)
(7,17)
(7,19)
(7,21)
(7,23)
(7,25)
(7,27)
(7,32)
(7,34)
(7,36)
(7,37)
(7,38)
(7,39)
(7,42)
(7,43)
(7,46)
(7,50)
(7,53)
(7,54)
(7,56)
(7,57)
(7,58)
(7,60)
(7,65)
(7,66)
(7,72)
(7,75)
(7,76)
(7,79)
(7,84)
(7,86)
(7,87)
(7,88)
(7,90)
(7,92)
(7,98)
(8,9)
(8,11)
(8,13)
(8,15)
(8,16)
(8,19)
(8,20)
(8,24)
(8,25)
(8,29)
(8,33)
(8,34)
(8,37)
(8,38)
(8,39)
(8,40)
(8,41)
(8,42)
(8,43)
(8,45)
(8,47)
(8,51)
(8,55)
(8,56)
(8,58)
(8,61)
(8,62)
(8,64)
(8,68)
(8,69)
(8,70)
(8,72)
(8,73)
(8,75)
(8,76)
(8,78)
(8,80)
(8,84)
(8,85)
(8,87)
(8,90)
(8,91)
(8,94)
(8,96)
(8,97)
(8,98)
(8,99)
(9,10)
(9,11)
(9,12)
(9,13)
(9,15)
(9,17)
(9,20)
(9,21)
(9,27)
(9,29)
(9,30)
(9,33)
(9,37)
(9,38)
(9,40)
(9,41)
(9,43)
(9,46)
(9,50)
(9,51)
(9,54)
(9,56)
(9,57)
(9,58)
(9,60)
(9,61)
(9,63)
(9,64)
(9,69)
(9,71)
(9,73)
(9,78)
(9,79)
(9,80)
(9,82)
(9,83)
(9,85)
(9,87)
(9,89)
(9,90)
(9,91)
(9,92)
(9,93)
(9,95)
(9,97)
(9,98)
(10,12)
(10,15)
(10,16)
(10,21)
(10,22)
(10,24)
(10,26)
(10,33)
(10,34)
(10,35)
(10,36)
(10,37)
(10,38)
(10,39)
(10,41)
(10,43)
(10,45)
(10,46)
(10,48)
(10,49)
(10,50)
(10,51)
(10,53)
(10,57)
(10,58)
(10,59)
(10,60)
(10,61)
(10,63)
(10,68)
(10,70)
(10,72)
(10,73)
(10,75)
(10,77)
(10,78)
(10,81)
(10,82)
(10,83)
(10,85)
(10,89)
(10,90)
(10,91)
(10,94)
(10,95)
(10,97)
(10,98)
(11,18)
(11,19)
(11,21)
(11,23)
(11,24)
(11,25)
(11,26)
(11,27)
(11,28)
(11,29)
(11,30)
(11,34)
(11,36)
(11,39)
(11,40)
(11,41)
(11,48)
(11,49)
(11,50)
(11,51)
(11,52)
(11,54)
(11,55)
(11,57)
(11,61)
(11,62)
(11,63)
(11,64)
(11,66)
(11,68)
(11,70)
(11,73)
(11,75)
(11,76)
(11,78)
(11,79)
(11,82)
(11,84)
(11,86)
(11,89)
(11,90)
(11,93)
(11,98)
(11,99)
(12,13)
(12,16)
(12,18)
(12,19)
(12,20)
(12,21)
(12,22)
(12,23)
(12,24)
(12,29)
(12,30)
(12,31)
(12,32)
(12,36)
(12,37)
(12,40)
(12,51)
(12,52)
(12,54)
(12,55)
(12,57)
(12,58)
(12,59)
(12,60)
(12,63)
(12,64)
(12,65)
(12,66)
(12,67)
(12,69)
(12,72)
(12,73)
(12,75)
(12,76)
(12,78)
(12,79)
(12,80)
(12,81)
(12,84)
(12,85)
(12,88)
(12,94)
(12,95)
(12,96)
(12,97)
(13,15)
(13,17)
(13,18)
(13,19)
(13,21)
(13,25)
(13,28)
(13,34)
(13,38)
(13,39)
(13,40)
(13,41)
(13,42)
(13,43)
(13,44)
(13,45)
(13,47)
(13,48)
(13,51)
(13,54)
(13,56)
(13,57)
(13,58)
(13,63)
(13,65)
(13,69)
(13,70)
(13,71)
(13,72)
(13,73)
(13,77)
(13,79)
(13,80)
(13,81)
(13,83)
(13,85)
(13,86)
(13,87)
(13,88)
(13,89)
(13,90)
(13,91)
(13,92)
(13,93)
(13,96)
(13,98)
(14,23)
(14,24)
(14,25)
(14,26)
(14,27)
(14,29)
(14,31)
(14,38)
(14,45)
(14,52)
(14,56)
(14,57)
(14,59)
(14,60)
(14,61)
(14,65)
(14,66)
(14,68)
(14,69)
(14,74)
(14,75)
(14,76)
(14,78)
(14,79)
(14,81)
(14,84)
(14,85)
(14,91)
(14,92)
(14,94)
(14,97)
(14,98)
(14,99)
(15,17)
(15,18)
(15,19)
(15,28)
(15,29)
(15,30)
(15,33)
(15,34)
(15,35)
(15,36)
(15,40)
(15,42)
(15,43)
(15,45)
(15,50)
(15,51)
(15,52)
(15,53)
(15,56)
(15,58)
(15,59)
(15,63)
(15,64)
(15,65)
(15,66)
(15,68)
(15,71)
(15,73)
(15,74)
(15,76)
(15,82)
(15,83)
(15,86)
(15,87)
(15,89)
(15,90)
(15,91)
(15,92)
(15,95)
(15,97)
(15,98)
(16,17)
(16,18)
(16,21)
(16,23)
(16,26)
(16,30)
(16,31)
(16,34)
(16,36)
(16,42)
(16,46)
(16,47)
(16,49)
(16,51)
(16,53)
(16,64)
(16,66)
(16,67)
(16,68)
(16,69)
(16,70)
(16,71)
(16,74)
(16,77)
(16,78)
(16,79)
(16,80)
(16,81)
(16,83)
(16,84)
(16,86)
(16,91)
(16,92)
(16,98)
(16,99)
(17,18)
(17,20)
(17,22)
(17,28)
(17,31)
(17,34)
(17,35)
(17,38)
(17,41)
(17,43)
(17,44)
(17,45)
(17,46)
(17,47)
(17,54)
(17,57)
(17,59)
(17,61)
(17,62)
(17,63)
(17,64)
(17,66)
(17,67)
(17,68)
(17,70)
(17,72)
(17,73)
(17,77)
(17,78)
(17,79)
(17,84)
(17,85)
(17,87)
(17,89)
(17,91)
(17,92)
(17,93)
(17,97)
(18,19)
(18,20)
(18,24)
(18,25)
(18,26)
(18,28)
(18,30)
(18,32)
(18,33)
(18,34)
(18,41)
(18,42)
(18,43)
(18,44)
(18,48)
(18,50)
(18,52)
(18,53)
(18,64)
(18,65)
(18,66)
(18,69)
(18,72)
(18,74)
(18,75)
(18,77)
(18,80)
(18,83)
(18,84)
(18,86)
(18,87)
(18,89)
(18,90)
(18,91)
(18,92)
(18,95)
(18,96)
(18,99)
(19,20)
(19,23)
(19,28)
(19,30)
(19,31)
(19,34)
(19,37)
(19,38)
(19,39)
(19,41)
(19,44)
(19,45)
(19,48)
(19,49)
(19,55)
(19,56)
(19,58)
(19,60)
(19,67)
(19,69)
(19,71)
(19,73)
(19,78)
(19,81)
(19,82)
(19,83)
(19,87)
(19,88)
(19,91)
(19,95)
(19,96)
(20,21)
(20,23)
(20,25)
(20,27)
(20,29)
(20,35)
(20,37)
(20,38)
(20,39)
(20,42)
(20,44)
(20,46)
(20,48)
(20,49)
(20,51)
(20,53)
(20,60)
(20,61)
(20,62)
(20,63)
(20,64)
(20,66)
(20,67)
(20,68)
(20,72)
(20,73)
(20,74)
(20,75)
(20,77)
(20,78)
(20,81)
(20,82)
(20,85)
(20,86)
(20,91)
(20,96)
(20,97)
(20,99)
(21,22)
(21,23)
(21,24)
(21,25)
(21,26)
(21,27)
(21,28)
(21,30)
(21,31)
(21,32)
(21,34)
(21,36)
(21,37)
(21,38)
(21,39)
(21,40)
(21,47)
(21,48)
(21,49)
(21,50)
(21,51)
(21,53)
(21,54)
(21,57)
(21,58)
(21,59)
(21,61)
(21,64)
(21,67)
(21,69)
(21,70)
(21,71)
(21,72)
(21,73)
(21,74)
(21,75)
(21,76)
(21,79)
(21,80)
(21,81)
(21,84)
(21,86)
(21,88)
(21,89)
(21,91)
(21,92)
(21,93)
(21,94)
(21,95)
(21,98)
(22,29)
(22,33)
(22,36)
(22,39)
(22,41)
(22,43)
(22,44)
(22,46)
(22,49)
(22,50)
(22,51)
(22,54)
(22,55)
(22,63)
(22,64)
(22,71)
(22,72)
(22,74)
(22,78)
(22,79)
(22,81)
(22,82)
(22,84)
(22,87)
(22,88)
(22,89)
(22,92)
(22,94)
(22,97)
(22,98)
(23,24)
(23,26)
(23,28)
(23,29)
(23,30)
(23,31)
(23,34)
(23,37)
(23,40)
(23,41)
(23,43)
(23,47)
(23,48)
(23,49)
(23,58)
(23,60)
(23,61)
(23,62)
(23,65)
(23,66)
(23,67)
(23,68)
(23,70)
(23,71)
(23,73)
(23,77)
(23,80)
(23,81)
(23,85)
(23,86)
(23,87)
(23,88)
(23,89)
(23,91)
(23,92)
(23,93)
(23,94)
(23,95)
(23,96)
(23,97)
(23,98)
(24,27)
(24,31)
(24,32)
(24,35)
(24,36)
(24,38)
(24,41)
(24,42)
(24,45)
(24,46)
(24,47)
(24,51)
(24,54)
(24,56)
(24,58)
(24,60)
(24,61)
(24,65)
(24,66)
(24,67)
(24,68)
(24,69)
(24,72)
(24,73)
(24,74)
(24,75)
(24,78)
(24,79)
(24,83)
(24,84)
(24,87)
(24,89)
(24,90)
(24,92)
(24,93)
(24,94)
(24,95)
(24,97)
(24,99)
(25,26)
(25,29)
(25,30)
(25,35)
(25,36)
(25,37)
(25,40)
(25,42)
(25,46)
(25,47)
(25,48)
(25,49)
(25,50)
(25,51)
(25,52)
(25,53)
(25,56)
(25,57)
(25,58)
(25,59)
(25,60)
(25,61)
(25,62)
(25,63)
(25,70)
(25,74)
(25,75)
(25,76)
(25,78)
(25,79)
(25,81)
(25,82)
(25,88)
(25,92)
(25,96)
(26,27)
(26,28)
(26,29)
(26,31)
(26,33)
(26,35)
(26,36)
(26,38)
(26,40)
(26,41)
(26,43)
(26,44)
(26,51)
(26,53)
(26,54)
(26,55)
(26,56)
(26,57)
(26,58)
(26,59)
(26,66)
(26,67)
(26,68)
(26,71)
(26,72)
(26,74)
(26,75)
(26,76)
(26,78)
(26,80)
(26,84)
(26,85)
(26,86)
(26,87)
(26,90)
(26,92)
(26,93)
(26,94)
(26,95)
(26,97)
(26,98)
(27,29)
(27,31)
(27,33)
(27,35)
(27,37)
(27,38)
(27,39)
(27,40)
(27,41)
(27,43)
(27,44)
(27,45)
(27,46)
(27,47)
(27,50)
(27,52)
(27,53)
(27,54)
(27,55)
(27,58)
(27,60)
(27,62)
(27,63)
(27,66)
(27,67)
(27,69)
(27,71)
(27,72)
(27,74)
(27,82)
(27,83)
(27,85)
(27,86)
(27,87)
(27,91)
(27,92)
(27,93)
(27,94)
(27,98)
(27,99)
(28,29)
(28,33)
(28,34)
(28,35)
(28,38)
(28,40)
(28,42)
(28,43)
(28,44)
(28,46)
(28,47)
(28,49)
(28,51)
(28,52)
(28,53)
(28,55)
(28,56)
(28,58)
(28,66)
(28,69)
(28,70)
(28,71)
(28,74)
(28,76)
(28,81)
(28,83)
(28,85)
(28,89)
(28,90)
(28,92)
(28,93)
(28,95)
(28,99)
(29,30)
(29,32)
(29,33)
(29,34)
(29,36)
(29,37)
(29,39)
(29,40)
(29,43)
(29,44)
(29,46)
(29,54)
(29,55)
(29,57)
(29,58)
(29,60)
(29,61)
(29,62)
(29,64)
(29,70)
(29,71)
(29,73)
(29,75)
(29,76)
(29,78)
(29,79)
(29,80)
(29,82)
(29,84)
(29,88)
(29,91)
(29,92)
(29,95)
(29,96)
(29,98)
(29,99)
(30,33)
(30,35)
(30,36)
(30,39)
(30,41)
(30,42)
(30,43)
(30,45)
(30,48)
(30,51)
(30,52)
(30,53)
(30,54)
(30,56)
(30,58)
(30,59)
(30,60)
(30,61)
(30,62)
(30,64)
(30,65)
(30,69)
(30,73)
(30,74)
(30,76)
(30,77)
(30,79)
(30,80)
(30,81)
(30,82)
(30,85)
(30,87)
(30,90)
(30,93)
(30,95)
(30,99)
(31,34)
(31,35)
(31,38)
(31,39)
(31,40)
(31,41)
(31,42)
(31,43)
(31,46)
(31,48)
(31,50)
(31,52)
(31,56)
(31,57)
(31,58)
(31,60)
(31,61)
(31,62)
(31,65)
(31,69)
(31,70)
(31,71)
(31,73)
(31,74)
(31,76)
(31,80)
(31,84)
(31,87)
(31,90)
(31,92)
(31,93)
(31,95)
(31,98)
(31,99)
(32,34)
(32,35)
(32,36)
(32,37)
(32,39)
(32,40)
(32,44)
(32,45)
(32,46)
(32,47)
(32,48)
(32,51)
(32,53)
(32,55)
(32,56)
(32,57)
(32,59)
(32,60)
(32,61)
(32,63)
(32,64)
(32,65)
(32,67)
(32,68)
(32,69)
(32,71)
(32,73)
(32,75)
(32,76)
(32,78)
(32,82)
(32,84)
(32,85)
(32,86)
(32,87)
(32,89)
(32,90)
(32,91)
(32,93)
(32,98)
(32,99)
(33,35)
(33,36)
(33,39)
(33,40)
(33,44)
(33,45)
(33,47)
(33,49)
(33,51)
(33,53)
(33,54)
(33,55)
(33,57)
(33,60)
(33,63)
(33,64)
(33,66)
(33,68)
(33,71)
(33,74)
(33,75)
(33,76)
(33,77)
(33,83)
(33,90)
(33,91)
(33,92)
(33,95)
(33,96)
(33,99)
(34,36)
(34,39)
(34,40)
(34,41)
(34,44)
(34,46)
(34,47)
(34,48)
(34,49)
(34,50)
(34,51)
(34,52)
(34,55)
(34,57)
(34,58)
(34,59)
(34,60)
(34,66)
(34,70)
(34,72)
(34,74)
(34,76)
(34,79)
(34,80)
(34,82)
(34,83)
(34,84)
(34,91)
(34,94)
(34,96)
(34,97)
(34,98)
(35,37)
(35,38)
(35,42)
(35,43)
(35,44)
(35,48)
(35,49)
(35,51)
(35,55)
(35,57)
(35,63)
(35,65)
(35,67)
(35,68)
(35,70)
(35,71)
(35,72)
(35,74)
(35,75)
(35,76)
(35,77)
(35,79)
(35,80)
(35,82)
(35,87)
(35,91)
(35,92)
(35,93)
(35,94)
(35,95)
(35,97)
(35,99)
(36,39)
(36,40)
(36,45)
(36,46)
(36,47)
(36,49)
(36,51)
(36,52)
(36,55)
(36,59)
(36,62)
(36,63)
(36,64)
(36,65)
(36,67)
(36,70)
(36,71)
(36,72)
(36,76)
(36,78)
(36,79)
(36,80)
(36,82)
(36,84)
(36,87)
(36,88)
(36,91)
(36,93)
(36,97)
(37,38)
(37,39)
(37,42)
(37,46)
(37,47)
(37,54)
(37,55)
(37,56)
(37,59)
(37,61)
(37,65)
(37,66)
(37,68)
(37,70)
(37,71)
(37,74)
(37,75)
(37,76)
(37,77)
(37,82)
(37,83)
(37,84)
(37,86)
(37,87)
(37,89)
(37,90)
(37,91)
(37,92)
(37,95)
(37,96)
(37,97)
(38,43)
(38,45)
(38,46)
(38,47)
(38,49)
(38,50)
(38,51)
(38,52)
(38,54)
(38,62)
(38,63)
(38,65)
(38,67)
(38,69)
(38,70)
(38,71)
(38,74)
(38,83)
(38,84)
(38,88)
(38,90)
(38,92)
(38,93)
(38,94)
(38,96)
(38,97)
(39,41)
(39,42)
(39,43)
(39,45)
(39,47)
(39,51)
(39,52)
(39,53)
(39,54)
(39,55)
(39,58)
(39,60)
(39,62)
(39,63)
(39,65)
(39,66)
(39,69)
(39,72)
(39,73)
(39,74)
(39,78)
(39,79)
(39,80)
(39,81)
(39,86)
(39,88)
(39,93)
(39,95)
(39,96)
(39,97)
(39,98)
(39,99)
(40,41)
(40,47)
(40,50)
(40,52)
(40,53)
(40,55)
(40,56)
(40,58)
(40,61)
(40,62)
(40,67)
(40,69)
(40,70)
(40,73)
(40,74)
(40,75)
(40,76)
(40,78)
(40,79)
(40,80)
(40,84)
(40,85)
(40,86)
(40,87)
(40,90)
(40,91)
(40,94)
(40,95)
(40,97)
(40,99)
(41,42)
(41,43)
(41,48)
(41,52)
(41,53)
(41,55)
(41,56)
(41,58)
(41,59)
(41,61)
(41,62)
(41,63)
(41,67)
(41,68)
(41,69)
(41,70)
(41,71)
(41,72)
(41,74)
(41,77)
(41,82)
(41,83)
(41,84)
(41,85)
(41,86)
(41,88)
(41,89)
(41,90)
(41,91)
(41,92)
(41,93)
(41,94)
(41,95)
(42,43)
(42,46)
(42,52)
(42,54)
(42,56)
(42,60)
(42,66)
(42,69)
(42,70)
(42,71)
(42,72)
(42,74)
(42,76)
(42,77)
(42,80)
(42,81)
(42,82)
(42,86)
(42,87)
(42,91)
(42,94)
(42,97)
(42,98)
(43,44)
(43,45)
(43,46)
(43,47)
(43,48)
(43,51)
(43,57)
(43,58)
(43,61)
(43,62)
(43,63)
(43,65)
(43,66)
(43,68)
(43,69)
(43,71)
(43,72)
(43,73)
(43,75)
(43,77)
(43,79)
(43,82)
(43,83)
(43,90)
(43,93)
(43,94)
(43,95)
(43,96)
(43,97)
(43,98)
(43,99)
(44,53)
(44,55)
(44,56)
(44,59)
(44,61)
(44,62)
(44,63)
(44,64)
(44,65)
(44,67)
(44,71)
(44,72)
(44,76)
(44,80)
(44,81)
(44,82)
(44,83)
(44,84)
(44,87)
(44,88)
(44,89)
(44,90)
(44,91)
(44,92)
(44,93)
(45,46)
(45,47)
(45,49)
(45,50)
(45,51)
(45,54)
(45,56)
(45,57)
(45,59)
(45,62)
(45,66)
(45,67)
(45,69)
(45,72)
(45,75)
(45,77)
(45,80)
(45,82)
(45,85)
(45,88)
(45,89)
(45,90)
(45,92)
(45,94)
(46,47)
(46,49)
(46,50)
(46,52)
(46,53)
(46,54)
(46,55)
(46,56)
(46,58)
(46,59)
(46,61)
(46,62)
(46,63)
(46,64)
(46,65)
(46,71)
(46,72)
(46,73)
(46,74)
(46,75)
(46,76)
(46,77)
(46,80)
(46,81)
(46,82)
(46,83)
(46,86)
(46,87)
(46,91)
(46,92)
(46,93)
(46,97)
(46,99)
(47,51)
(47,54)
(47,56)
(47,58)
(47,60)
(47,61)
(47,64)
(47,69)
(47,73)
(47,75)
(47,77)
(47,78)
(47,79)
(47,80)
(47,81)
(47,82)
(47,84)
(47,86)
(47,89)
(47,90)
(47,91)
(47,94)
(47,96)
(47,98)
(47,99)
(48,51)
(48,52)
(48,53)
(48,54)
(48,58)
(48,61)
(48,62)
(48,63)
(48,66)
(48,67)
(48,68)
(48,69)
(48,71)
(48,75)
(48,76)
(48,79)
(48,80)
(48,81)
(48,82)
(48,85)
(48,86)
(48,87)
(48,88)
(48,89)
(48,90)
(48,91)
(48,92)
(48,93)
(48,94)
(48,95)
(48,97)
(48,98)
(49,51)
(49,52)
(49,53)
(49,56)
(49,58)
(49,62)
(49,65)
(49,67)
(49,68)
(49,69)
(49,70)
(49,72)
(49,74)
(49,75)
(49,76)
(49,78)
(49,80)
(49,81)
(49,83)
(49,87)
(49,90)
(49,91)
(49,92)
(49,93)
(49,98)
(49,99)
(50,52)
(50,53)
(50,54)
(50,56)
(50,57)
(50,59)
(50,60)
(50,61)
(50,64)
(50,65)
(50,66)
(50,69)
(50,70)
(50,73)
(50,74)
(50,76)
(50,80)
(50,81)
(50,83)
(50,84)
(50,85)
(50,87)
(50,88)
(50,92)
(50,93)
(50,95)
(51,52)
(51,53)
(51,55)
(51,58)
(51,59)
(51,60)
(51,62)
(51,64)
(51,65)
(51,67)
(51,70)
(51,71)
(51,73)
(51,74)
(51,77)
(51,78)
(51,79)
(51,80)
(51,81)
(51,82)
(51,83)
(51,84)
(51,87)
(51,90)
(51,91)
(51,95)
(51,96)
(51,97)
(51,98)
(52,53)
(52,56)
(52,57)
(52,59)
(52,61)
(52,62)
(52,64)
(52,67)
(52,69)
(52,70)
(52,71)
(52,73)
(52,74)
(52,82)
(52,83)
(52,84)
(52,89)
(52,90)
(52,93)
(52,95)
(52,98)
(53,54)
(53,55)
(53,57)
(53,58)
(53,60)
(53,61)
(53,62)
(53,63)
(53,66)
(53,67)
(53,72)
(53,73)
(53,80)
(53,81)
(53,85)
(53,87)
(53,88)
(53,89)
(53,90)
(53,91)
(53,94)
(53,96)
(53,98)
(54,55)
(54,60)
(54,62)
(54,63)
(54,64)
(54,72)
(54,74)
(54,76)
(54,77)
(54,79)
(54,80)
(54,81)
(54,82)
(54,84)
(54,86)
(54,87)
(54,88)
(54,89)
(54,92)
(54,93)
(54,95)
(54,96)
(55,57)
(55,58)
(55,59)
(55,61)
(55,62)
(55,63)
(55,66)
(55,67)
(55,68)
(55,71)
(55,73)
(55,76)
(55,77)
(55,79)
(55,80)
(55,82)
(55,83)
(55,84)
(55,85)
(55,86)
(55,87)
(55,91)
(55,96)
(55,97)
(56,57)
(56,61)
(56,62)
(56,63)
(56,64)
(56,65)
(56,67)
(56,68)
(56,69)
(56,70)
(56,73)
(56,74)
(56,77)
(56,78)
(56,79)
(56,82)
(56,84)
(56,85)
(56,87)
(56,89)
(56,90)
(56,91)
(56,92)
(56,93)
(56,95)
(56,98)
(56,99)
(57,59)
(57,60)
(57,63)
(57,64)
(57,65)
(57,69)
(57,76)
(57,77)
(57,80)
(57,82)
(57,83)
(57,86)
(57,87)
(57,91)
(57,92)
(57,95)
(57,99)
(58,59)
(58,60)
(58,63)
(58,65)
(58,66)
(58,67)
(58,74)
(58,75)
(58,76)
(58,77)
(58,79)
(58,80)
(58,82)
(58,83)
(58,86)
(58,87)
(58,90)
(58,94)
(58,96)
(58,98)
(58,99)
(59,61)
(59,63)
(59,65)
(59,67)
(59,68)
(59,69)
(59,72)
(59,73)
(59,76)
(59,78)
(59,79)
(59,80)
(59,81)
(59,82)
(59,83)
(59,85)
(59,86)
(59,90)
(59,91)
(59,92)
(59,93)
(59,94)
(59,99)
(60,61)
(60,63)
(60,64)
(60,65)
(60,67)
(60,69)
(60,72)
(60,80)
(60,82)
(60,83)
(60,84)
(60,85)
(60,86)
(60,88)
(60,89)
(60,90)
(60,91)
(60,92)
(60,94)
(60,96)
(61,63)
(61,64)
(61,65)
(61,66)
(61,67)
(61,71)
(61,72)
(61,73)
(61,75)
(61,76)
(61,79)
(61,81)
(61,83)
(61,84)
(61,86)
(61,88)
(61,90)
(61,92)
(61,94)
(61,99)
(62,64)
(62,67)
(62,69)
(62,72)
(62,73)
(62,74)
(62,75)
(62,77)
(62,78)
(62,81)
(62,82)
(62,84)
(62,86)
(62,89)
(62,90)
(62,91)
(62,93)
(62,94)
(62,95)
(62,98)
(62,99)
(63,65)
(63,67)
(63,68)
(63,69)
(63,72)
(63,73)
(63,75)
(63,76)
(63,78)
(63,79)
(63,81)
(63,82)
(63,87)
(63,89)
(63,91)
(63,92)
(63,93)
(63,94)
(63,95)
(63,96)
(63,97)
(63,99)
(64,66)
(64,67)
(64,70)
(64,72)
(64,74)
(64,76)
(64,77)
(64,78)
(64,80)
(64,81)
(64,82)
(64,83)
(64,84)
(64,86)
(64,87)
(64,88)
(64,89)
(64,92)
(64,94)
(64,95)
(64,98)
(64,99)
(65,68)
(65,70)
(65,71)
(65,74)
(65,78)
(65,81)
(65,82)
(65,90)
(65,91)
(65,94)
(65,95)
(65,96)
(65,98)
(65,99)
(66,67)
(66,68)
(66,69)
(66,73)
(66,75)
(66,76)
(66,84)
(66,85)
(66,86)
(66,88)
(66,89)
(66,91)
(66,93)
(66,94)
(66,95)
(66,96)
(66,98)
(66,99)
(67,68)
(67,69)
(67,71)
(67,73)
(67,74)
(67,78)
(67,83)
(67,84)
(67,85)
(67,87)
(67,88)
(67,91)
(67,93)
(67,94)
(67,96)
(68,69)
(68,71)
(68,74)
(68,79)
(68,80)
(68,81)
(68,82)
(68,86)
(68,87)
(68,91)
(68,92)
(68,94)
(68,95)
(68,97)
(68,99)
(69,71)
(69,73)
(69,75)
(69,83)
(69,86)
(69,89)
(69,92)
(69,93)
(69,94)
(69,95)
(69,96)
(69,98)
(70,71)
(70,72)
(70,75)
(70,76)
(70,77)
(70,79)
(70,80)
(70,82)
(70,83)
(70,86)
(70,87)
(70,92)
(70,93)
(70,96)
(70,97)
(70,98)
(70,99)
(71,73)
(71,75)
(71,76)
(71,79)
(71,81)
(71,83)
(71,84)
(71,85)
(71,87)
(71,89)
(71,90)
(71,91)
(71,92)
(71,93)
(71,95)
(71,96)
(71,99)
(72,73)
(72,76)
(72,79)
(72,81)
(72,83)
(72,84)
(72,85)
(72,86)
(72,90)
(72,92)
(72,93)
(72,95)
(72,96)
(72,97)
(72,98)
(73,78)
(73,79)
(73,83)
(73,84)
(73,87)
(73,88)
(73,89)
(73,94)
(73,95)
(74,75)
(74,77)
(74,82)
(74,84)
(74,85)
(74,86)
(74,88)
(74,89)
(74,91)
(74,93)
(74,96)
(75,78)
(75,82)
(75,83)
(75,84)
(75,85)
(75,93)
(75,96)
(75,98)
(75,99)
(76,81)
(76,88)
(76,89)
(76,90)
(76,91)
(76,92)
(76,95)
(76,96)
(76,98)
(77,82)
(77,86)
(77,90)
(77,94)
(77,96)
(77,97)
(78,79)
(78,80)
(78,81)
(78,82)
(78,86)
(78,89)
(78,93)
(78,94)
(78,96)
(78,97)
(78,98)
(78,99)
(79,81)
(79,82)
(79,85)
(79,89)
(79,90)
(79,91)
(79,93)
(79,96)
(79,99)
(80,81)
(80,82)
(80,83)
(80,84)
(80,85)
(80,86)
(80,87)
(80,91)
(80,92)
(80,95)
(80,98)
(81,84)
(81,86)
(81,87)
(81,88)
(81,90)
(81,91)
(81,92)
(81,95)
(81,96)
(81,97)
(81,98)
(82,83)
(82,84)
(82,87)
(82,91)
(82,92)
(82,96)
(82,97)
(83,84)
(83,85)
(83,86)
(83,88)
(83,89)
(83,93)
(83,94)
(84,86)
(84,87)
(84,88)
(84,89)
(84,94)
(84,97)
(84,98)
(85,89)
(85,91)
(85,93)
(85,95)
(85,99)
(86,87)
(86,88)
(86,89)
(86,92)
(86,93)
(86,94)
(86,98)
(86,99)
(87,91)
(87,93)
(87,94)
(87,96)
(88,91)
(88,93)
(88,94)
(88,96)
(88,99)
(89,90)
(89,94)
(89,96)
(89,97)
(90,91)
(90,93)
(90,97)
(90,98)
(91,95)
(91,99)
(92,96)
(93,94)
(93,95)
(93,97)
(94,95)
(94,96)
(94,97)
(94,98)
(95,97)
(96,97)
(96,99)
(97,98)
