3
6
7
8
9
13
14
15
18
19
20
22
25
27
29
31
32
33
36
38
39
40
43
44
46
48
49
50
52
55
57
58
62
64
67
70
71
72
73
74
77
79
80
81
82
84
85
91
92
95
96
97
98
99
102
103
104
105
109
112
113
114
116
119
122
123
126
128
129
130
135
142
144
145
147
148
149
154
156
157
158
159
163
164
167
168
172
173
175
177
179
181
183
184
185
187
188
189
195
197
198
200
202
205
206
209
211
212
215
216
217
219
222
223
225
227
230
233
234
235
237
239
244
245
247
249
251
256
258
261
262
264
265
266
267
272
273
274
275
276
277
279
280
282
283
287
290
291
295
298
300
301
302
303
304
306
307
309
310
315
317
320
323
325
326
328
331
334
335
336
342
348
349
350
351
352
353
355
356
357
358
360
361
362
363
365
366
373
374
375
378
379
383
384
395
396
398
399
400
401
402
403
404
405
406
407
408
412
418
420
421
423
426
429
430
432
433
434
436
437
438
441
442
443
444
445
447
450
453
455
457
458
459
460
461
463
466
467
468
471
474
475
476
477
478
482
485
486
487
493
496
500
501
502
504
506
508
510
511
512
513
516
517
518
521
522
525
527
532
534
536
538
539
541
542
544
546
549
551
555
557
559
561
565
566
567
568
569
570
572
573
576
583
584
585
587
589
590
592
593
594
596
597
598
599
602
605
606
611
616
618
620
624
629
637
638
639
640
641
642
644
646
647
648
649
652
654
655
658
659
660
664
666
667
670
672
673
675
678
679
680
683
684
685
686
687
688
689
690
692
693
694
700
703
706
707
708
709
711
713
714
715
718
721
723
725
730
731
732
735
736
737
738
739
740
745
746
747
748
749
750
751
752
753
stop
(0,237)
(0,751)
(1,3)
(3,120)
(5,317)
(6,308)
(6,719)
(7,512)
(8,9)
(8,449)
(9,220)
(11,57)
(13,14)
(13,57)
(14,15)
(16,17)
(17,348)
(18,43)
(18,339)
(19,504)
(20,654)
(22,524)
(22,603)
(22,666)
(23,25)
(24,628)
(25,84)
(25,373)
(25,374)
(27,32)
(30,33)
(31,109)
(32,33)
(32,211)
(32,743)
(35,40)
(36,52)
(39,211)
(39,624)
(41,223)
(44,47)
(45,46)
(48,51)
(48,164)
(49,52)
(52,53)
(52,230)
(55,56)
(55,562)
(56,140)
(58,59)
(61,62)
(62,63)
(62,160)
(63,350)
(66,67)
(67,114)
(68,721)
(71,398)
(71,665)
(72,400)
(72,432)
(73,74)
(73,594)
(74,75)
(74,79)
(77,269)
(80,81)
(80,556)
(81,414)
(82,629)
(84,85)
(85,90)
(87,98)
(89,94)
(90,91)
(93,98)
(93,544)
(95,544)
(96,97)
(98,99)
(101,102)
(102,750)
(103,108)
(104,105)
(107,539)
(110,704)
(111,732)
(112,451)
(112,586)
(113,263)
(114,263)
(115,263)
(116,117)
(116,119)
(118,119)
(121,237)
(122,123)
(122,125)
(123,331)
(125,559)
(128,129)
(131,466)
(132,189)
(134,136)
(139,388)
(140,488)
(140,541)
(141,142)
(141,333)
(142,336)
(143,461)
(143,463)
(144,277)
(145,507)
(145,508)
(147,238)
(147,365)
(147,655)
(148,398)
(148,589)
(149,261)
(150,546)
(151,152)
(151,158)
(151,262)
(151,354)
(153,154)
(154,262)
(155,156)
(156,157)
(157,158)
(162,200)
(162,499)
(162,613)
(163,361)
(163,604)
(164,165)
(164,168)
(165,504)
(167,168)
(169,658)
(175,176)
(177,178)
(177,285)
(178,616)
(180,181)
(181,182)
(182,319)
(183,184)
(184,186)
(184,713)
(185,496)
(187,188)
(187,344)
(187,363)
(189,190)
(190,191)
(192,346)
(193,348)
(194,605)
(195,198)
(195,285)
(195,392)
(196,198)
(196,384)
(196,666)
(196,729)
(197,367)
(197,415)
(197,593)
(199,511)
(200,408)
(201,408)
(202,408)
(204,205)
(204,207)
(205,725)
(206,208)
(210,249)
(215,216)
(216,518)
(217,218)
(219,518)
(222,518)
(225,228)
(227,231)
(228,391)
(229,230)
(232,636)
(233,234)
(233,302)
(233,391)
(233,639)
(233,640)
(235,512)
(236,239)
(237,238)
(239,512)
(240,242)
(245,565)
(245,649)
(247,417)
(250,253)
(252,680)
(253,594)
(256,680)
(258,288)
(261,342)
(264,265)
(266,268)
(267,650)
(267,651)
(268,590)
(268,596)
(270,474)
(274,275)
(275,414)
(276,277)
(276,282)
(280,283)
(284,427)
(284,428)
(287,289)
(287,295)
(290,291)
(298,302)
(300,301)
(301,602)
(303,305)
(304,305)
(306,307)
(306,602)
(309,624)
(310,313)
(311,534)
(312,344)
(313,426)
(315,317)
(315,342)
(320,690)
(323,336)
(325,326)
(326,327)
(329,533)
(330,333)
(330,548)
(331,333)
(343,707)
(345,472)
(346,569)
(347,359)
(347,360)
(349,670)
(349,694)
(351,352)
(353,356)
(353,637)
(355,360)
(361,362)
(362,369)
(363,719)
(369,370)
(373,376)
(374,375)
(375,378)
(377,403)
(378,403)
(379,709)
(384,393)
(392,563)
(395,396)
(395,480)
(399,400)
(400,434)
(401,402)
(401,549)
(403,404)
(403,735)
(405,406)
(405,409)
(406,415)
(408,411)
(410,633)
(410,682)
(412,733)
(417,418)
(418,739)
(421,422)
(423,426)
(423,428)
(424,426)
(424,439)
(427,428)
(428,737)
(429,430)
(429,431)
(432,433)
(432,437)
(434,438)
(434,642)
(436,670)
(437,670)
(438,670)
(441,442)
(444,445)
(445,446)
(446,447)
(452,550)
(456,693)
(456,697)
(457,459)
(458,543)
(458,545)
(464,467)
(465,482)
(465,483)
(466,467)
(467,691)
(468,471)
(469,631)
(470,471)
(472,590)
(473,475)
(473,637)
(474,475)
(476,478)
(476,483)
(477,486)
(478,697)
(479,697)
(480,481)
(481,482)
(486,692)
(486,700)
(487,492)
(491,492)
(497,726)
(498,525)
(500,501)
(501,502)
(507,510)
(508,624)
(509,510)
(509,514)
(513,516)
(517,518)
(520,533)
(520,665)
(521,528)
(521,741)
(522,528)
(522,664)
(523,654)
(523,690)
(525,734)
(527,664)
(527,690)
(529,530)
(531,538)
(532,538)
(536,537)
(536,542)
(537,538)
(539,545)
(541,542)
(545,546)
(549,587)
(554,555)
(554,561)
(557,558)
(559,560)
(559,561)
(561,670)
(563,727)
(565,745)
(566,599)
(567,568)
(569,593)
(571,576)
(571,579)
(572,573)
(572,575)
(574,577)
(576,577)
(578,707)
(580,672)
(581,715)
(581,732)
(583,588)
(584,588)
(585,643)
(586,592)
(587,610)
(587,629)
(588,610)
(591,592)
(598,599)
(601,616)
(602,603)
(606,607)
(611,612)
(618,619)
(634,655)
(636,663)
(638,695)
(639,645)
(640,641)
(641,642)
(643,644)
(643,648)
(646,687)
(658,659)
(677,678)
(678,679)
(679,680)
(681,683)
(683,686)
(689,694)
(691,700)
(704,740)
(706,715)
(708,738)
(712,715)
(713,714)
(715,721)
(717,718)
(725,730)
(731,744)
(737,750)
(737,752)
(740,741)
(745,751)
(747,748)
(748,749)
(749,750)
(752,753)
